LS산전(010120),시가,고가,저가,종가,거래량,시가총액(백만),상장주식수(주)
1999-01-04,26682,29330,26682,27700,36170,138385.0,20350786.0
1999-01-05,28515,28515,26886,28271,44560,141234.0,20350786.0
1999-01-06,28312,30960,28312,30144,72040,150596.0,20350786.0
1999-01-07,34667,34667,33404,34666,189740,173185.0,20350786.0
1999-01-08,35481,36663,32996,33811,198900,168912.0,20350786.0
1999-01-11,33811,34626,32182,32996,101810,164841.0,20350786.0
1999-01-12,33404,33607,30960,31774,79830,158736.0,20350786.0
1999-01-13,30593,32467,30552,31366,99300,156701.0,20350786.0
1999-01-14,30960,34015,29452,31366,171890,156701.0,20350786.0
1999-01-15,36052,36052,34219,36051,278040,180104.0,20350786.0
1999-01-18,41347,41347,41347,41347,30380,206560.0,20350786.0
1999-01-19,47458,47458,47458,47457,131760,237087.0,20350786.0
1999-01-20,54383,54383,53772,54383,1014690,271683.0,20350786.0
1999-01-21,53976,56216,49495,55605,1903910,277788.0,20350786.0
1999-01-22,57031,59475,47458,47457,1168820,237087.0,20350786.0
1999-01-25,43384,47254,40736,40940,774470,204525.0,20350786.0
1999-01-26,43181,43588,37885,37884,411850,189262.0,20350786.0
1999-01-27,37926,39514,35848,39514,298540,197403.0,20350786.0
1999-01-28,39922,43995,38700,42773,639050,213683.0,20350786.0
1999-01-29,41755,45625,41551,42773,373780,213683.0,20350786.0
1999-02-01,44606,45625,42773,43587,225900,217753.0,20350786.0
1999-02-02,43588,44810,40736,42365,189040,211648.0,20350786.0
1999-02-03,42569,43181,39514,39514,139160,197403.0,20350786.0
1999-02-04,37885,39474,36663,38088,137210,190280.0,20350786.0
1999-02-05,38129,38903,36948,37477,134040,187227.0,20350786.0
1999-02-08,37477,38659,35848,36051,127840,180104.0,20350786.0
1999-02-09,34626,35074,31489,32181,95090,160771.0,20350786.0
1999-02-10,32589,36622,31408,35073,357100,175220.0,20350786.0
1999-02-11,36215,36215,34219,34422,147410,171964.0,20350786.0
1999-02-12,34626,35155,34015,34462,162720,172168.0,20350786.0
1999-02-18,35441,35441,32711,33485,98390,167283.0,20350786.0
1999-02-19,33445,33445,30960,31774,130290,158736.0,20350786.0
1999-02-22,31000,31000,29860,29981,123560,149782.0,20350786.0
1999-02-23,29860,30919,29860,30267,138220,151206.0,20350786.0
1999-02-24,30349,30960,28923,28922,121390,144491.0,20350786.0
1999-02-25,27701,28719,27293,27578,131050,137775.0,20350786.0
1999-02-26,27741,31286,27741,30552,369250,152631.0,20350786.0
1999-03-02,31652,34993,31367,32263,486090,161178.0,20350786.0
1999-03-03,33811,33811,30593,32385,316970,161789.0,20350786.0
1999-03-04,32630,33607,31571,32589,259850,162806.0,20350786.0
1999-03-05,32589,32589,31408,32589,7167570,162806.0,20350786.0
1999-03-08,33404,34422,32793,33607,412990,167894.0,20350786.0
1999-03-09,33811,35889,32996,33403,689660,166876.0,20350786.0
1999-03-10,34219,34219,32182,32670,156290,163213.0,20350786.0
1999-03-11,32793,33404,32182,32996,333960,164841.0,20350786.0
1999-03-12,33200,34137,32589,32996,601730,164841.0,20350786.0
1999-03-15,33811,34015,32630,33811,641170,168912.0,20350786.0
1999-03-16,33811,34544,32915,33240,617340,166062.0,20350786.0
1999-03-17,33404,33730,31611,31774,432320,158736.0,20350786.0
1999-03-18,31367,31774,29330,29330,303030,146526.0,20350786.0
1999-03-19,29534,30756,29534,30063,258650,150189.0,20350786.0
1999-03-22,30837,31774,30145,30552,270010,152631.0,20350786.0
1999-03-23,30552,33811,29738,32629,581240,163010.0,20350786.0
1999-03-24,33404,34422,32589,32629,499960,163010.0,20350786.0
1999-03-25,32548,32996,31367,32181,228710,160771.0,20350786.0
1999-03-26,32589,32956,31448,31570,221090,157719.0,20350786.0
1999-03-29,30552,31571,30552,30592,138350,152834.0,20350786.0
1999-03-30,31774,31774,31123,31366,115980,156701.0,20350786.0
1999-03-31,31000,32141,30960,31204,146210,155887.0,20350786.0
1999-04-01,32141,32141,31408,32059,186820,160161.0,20350786.0
1999-04-02,32467,32956,31408,31692,238900,158329.0,20350786.0
1999-04-06,32182,32508,31163,32466,301050,162196.0,20350786.0
1999-04-07,32996,34178,32996,33037,552070,165045.0,20350786.0
1999-04-08,32630,32793,31367,32670,307150,237597.0,29625586.0
1999-04-09,32671,33200,31978,32548,402990,236708.0,29625586.0
1999-04-12,32996,37070,32793,37070,1105230,269593.0,29625586.0
1999-04-13,37070,37844,35441,37273,903540,271074.0,29625586.0
1999-04-14,37885,39881,37885,38495,870640,279962.0,29625586.0
1999-04-15,38903,39922,37926,38699,585400,281443.0,29625586.0
1999-04-16,38903,39107,36744,37070,585250,269593.0,29625586.0
1999-04-19,37885,39514,37885,38495,621670,279962.0,29625586.0
1999-04-20,39514,44199,39107,41551,1138830,302181.0,29625586.0
1999-04-21,41551,41958,39514,39514,514150,287368.0,29625586.0
1999-04-22,40736,41551,35563,37110,1056130,269889.0,29625586.0
1999-04-23,38088,38700,37029,37029,531400,269297.0,29625586.0
1999-04-26,36663,37437,35115,36255,603400,263668.0,29625586.0
1999-04-27,37111,38170,36255,38088,700630,276999.0,29625586.0
1999-04-28,38496,40736,37477,39717,977200,288849.0,29625586.0
1999-04-29,39311,42773,39311,39636,909230,288257.0,29625586.0
1999-04-30,40533,42977,39311,42976,1359160,312550.0,29625586.0
1999-05-03,46439,49291,44403,49290,2483460,358470.0,29625586.0
1999-05-04,48069,49087,45625,46643,2649500,339213.0,29625586.0
1999-05-06,48680,50106,46236,49290,2499470,358470.0,29625586.0
1999-05-07,50106,51328,47254,47661,1305970,346619.0,29625586.0
1999-05-10,47662,52957,47254,52957,2524170,385133.0,29625586.0
1999-05-11,54994,59882,53161,54994,4147990,399945.0,29625586.0
1999-05-12,56012,58253,53772,56216,1896850,408833.0,29625586.0
1999-05-13,55809,55809,48069,48883,918280,355507.0,29625586.0
1999-05-14,46439,50106,43181,46846,1035830,340694.0,29625586.0
1999-05-17,42977,45828,42977,45624,590760,331807.0,29625586.0
1999-05-18,44403,47458,43792,46846,986320,340694.0,29625586.0
1999-05-19,46847,48069,45217,48068,934040,349582.0,29625586.0
1999-05-20,48069,48069,44810,48068,969100,349582.0,29625586.0
1999-05-21,47662,48884,46439,48272,880130,351063.0,29625586.0
1999-05-24,46847,47865,41144,41143,550440,299218.0,29625586.0
1999-05-25,38700,39107,35033,35033,685540,254780.0,29625586.0
1999-05-26,32996,37355,30960,34014,3116800,247374.0,29625586.0
1999-05-27,39082,39082,36710,39082,722620,214785.0,29625586.0
1999-05-28,40160,41508,39352,40429,864770,222192.0,29625586.0
1999-05-31,39352,40430,38813,38974,382820,214193.0,29625586.0
1999-06-01,38273,38813,37357,37464,330720,205898.0,29625586.0
1999-06-02,39352,39837,38273,38542,373680,211823.0,29625586.0
1999-06-03,38543,40699,38543,39351,899920,216267.0,29625586.0
1999-06-04,39891,40322,38705,38812,530770,213304.0,29625586.0
1999-06-07,38813,40052,37788,39890,650860,219229.0,29625586.0
1999-06-08,40430,45874,39405,45874,1211260,252114.0,29625586.0
1999-06-09,46359,49594,44796,46844,1774720,257446.0,29625586.0
1999-06-10,47653,49594,44742,49054,1677990,269593.0,29625586.0
1999-06-11,49109,50618,47168,47760,727860,262483.0,29625586.0
1999-06-14,48300,49001,46898,47437,619850,260705.0,29625586.0
1999-06-15,45281,46898,40430,42855,533860,235523.0,29625586.0
1999-06-16,42855,45551,41508,42046,619970,231080.0,29625586.0
1999-06-17,42047,44095,41993,41992,572190,230783.0,29625586.0
1999-06-18,42532,43448,42047,43071,727860,236708.0,29625586.0
1999-06-21,43610,46359,42047,44796,1159710,246189.0,29625586.0
1999-06-22,45335,45713,42909,43125,770290,237005.0,29625586.0
1999-06-23,43017,43125,41777,42316,574810,232561.0,29625586.0
1999-06-24,42316,43664,42316,42532,602580,233746.0,29625586.0
1999-06-25,42316,42316,40591,41238,668030,226636.0,29625586.0
1999-06-28,41616,42586,40430,40429,978360,222192.0,29625586.0
1999-06-29,40591,40969,38705,39082,728020,214785.0,29625586.0
1999-06-30,39352,40160,38813,38920,619530,213897.0,29625586.0
1999-07-01,37896,40699,37842,38003,990550,208860.0,29625586.0
1999-07-02,39082,40969,38543,40968,915170,225154.0,29625586.0
1999-07-05,41508,42047,39621,41184,827200,226339.0,29625586.0
1999-07-06,41723,41939,40969,41184,712960,226339.0,29625586.0
1999-07-07,41238,47330,40969,45928,2551570,252410.0,29625586.0
1999-07-08,46467,47438,44257,45335,3502420,249151.0,29625586.0
1999-07-09,45820,50672,43934,48839,5770820,268408.0,29625586.0
1999-07-12,51157,56063,49594,53367,3897000,293293.0,29625586.0
1999-07-13,53367,57141,51265,51857,2902210,284998.0,29625586.0
1999-07-14,53529,53529,45874,46143,2674330,253595.0,29625586.0
1999-07-15,46359,47438,44634,44742,1565930,245892.0,29625586.0
1999-07-16,44796,46898,44796,45766,2509050,251521.0,29625586.0
1999-07-19,45874,47384,44958,45281,1589340,248855.0,29625586.0
1999-07-20,45281,49863,44365,46359,2122480,254780.0,29625586.0
1999-07-21,46413,48516,45281,45281,1156000,248855.0,29625586.0
1999-07-22,43125,45227,43125,44688,2555320,245596.0,29625586.0
1999-07-23,45713,48462,44742,44742,3723360,245892.0,29625586.0
1999-07-26,43934,44203,40430,41992,7064260,1009783.0,129625586.0
1999-07-27,44203,44904,43448,44203,5744090,1062930.0,129625586.0
1999-07-28,43718,45173,43448,43717,6084150,1051264.0,129625586.0
1999-07-29,43287,44203,42316,42585,3754250,1024042.0,129625586.0
1999-07-30,42586,43071,39945,40267,3258940,968303.0,129625586.0
1999-08-02,40160,42316,37788,40429,3671480,972192.0,129625586.0
1999-08-03,39459,41238,39405,39944,1673830,960526.0,129625586.0
1999-08-04,40969,43017,40484,41022,3337610,986451.0,129625586.0
1999-08-05,41077,41508,38813,38920,1518270,935897.0,129625586.0
1999-08-06,39891,40322,38273,38920,1214640,935897.0,129625586.0
1999-08-09,39352,39729,38381,38866,1386310,934600.0,129625586.0
1999-08-10,38866,39244,38004,38273,1256300,920342.0,129625586.0
1999-08-11,38543,41400,37896,39513,4380160,950156.0,129625586.0
1999-08-12,39621,40322,38866,39836,1977440,957933.0,129625586.0
1999-08-13,40214,41400,39136,39890,2372860,959229.0,129625586.0
1999-08-16,41831,44688,41077,42855,5385340,1030523.0,129625586.0
1999-08-17,42047,42370,40160,41076,3107010,987747.0,129625586.0
1999-08-18,40538,42316,39082,39890,2113250,959229.0,129625586.0
1999-08-19,42047,42586,41077,41777,3553670,1004598.0,129625586.0
1999-08-20,41508,42047,40969,41723,1270280,1003302.0,129625586.0
1999-08-23,42101,43017,41130,42478,2867290,1021450.0,129625586.0
1999-08-24,42101,42586,41023,41777,2334800,1004598.0,129625586.0
1999-08-25,42047,44095,41562,42963,5027910,1033116.0,129625586.0
1999-08-26,44580,44742,42909,43125,3976360,1037005.0,129625586.0
1999-08-27,42586,43125,41238,42532,1745940,1022746.0,129625586.0
1999-08-30,42640,43341,42047,43125,1898020,1037005.0,129625586.0
1999-08-31,42532,44203,42424,43664,2660160,1049967.0,129625586.0
1999-09-01,44634,45173,42640,42909,3000420,1031820.0,129625586.0
1999-09-02,41777,43718,41562,42855,2459500,1030523.0,129625586.0
1999-09-03,42316,43071,41777,42208,1576030,1014968.0,129625586.0
1999-09-06,42047,43556,41939,42855,1441700,1030523.0,129625586.0
1999-09-07,43125,43395,42370,43232,1371200,1039597.0,129625586.0
1999-09-08,42694,43017,42209,42909,1320050,1031820.0,129625586.0
1999-09-09,42909,43395,42640,43125,1073730,1037005.0,129625586.0
1999-09-10,43125,44203,43125,43664,2309660,1049967.0,129625586.0
1999-09-13,44203,44473,43395,43448,2611810,1044782.0,129625586.0
1999-09-14,43448,43664,42101,43394,3046470,1043486.0,129625586.0
1999-09-15,43125,45766,42640,43125,5599880,1037005.0,129625586.0
1999-09-16,43125,43610,39459,39728,2449670,955341.0,129625586.0
1999-09-17,38543,39190,37034,38165,2405100,917749.0,129625586.0
1999-09-20,38166,38813,37734,37734,1643920,907379.0,129625586.0
1999-09-21,37680,38543,36926,37788,1864320,908675.0,129625586.0
1999-09-22,37842,38112,36387,36494,1713970,877565.0,129625586.0
1999-09-27,36495,37034,34069,34068,1202370,819234.0,129625586.0
1999-09-28,34069,35524,34069,34500,935720,829604.0,129625586.0
1999-09-29,34554,35524,33961,34122,858870,820530.0,129625586.0
1999-09-30,34123,34770,32344,32343,934080,777754.0,129625586.0
1999-10-01,31859,32883,29217,30241,1070380,727200.0,129625586.0
1999-10-04,30727,31212,29918,30079,859960,723311.0,129625586.0
1999-10-05,29541,30457,27223,27492,847660,661090.0,129625586.0
1999-10-06,26252,29055,26145,28947,1371430,696089.0,129625586.0
1999-10-07,29109,31697,28301,30780,2514740,740162.0,129625586.0
1999-10-08,30996,31212,29702,30079,1164800,723311.0,129625586.0
1999-10-11,30188,30619,29055,29163,916900,701274.0,129625586.0
1999-10-12,28840,30942,28840,30726,2699080,738866.0,129625586.0
1999-10-13,31266,31373,29756,30133,1305180,724607.0,129625586.0
1999-10-14,30673,31158,29918,30133,2181930,724607.0,129625586.0
1999-10-15,29648,29810,28786,29001,1800040,697386.0,129625586.0
1999-10-18,27007,28085,27007,27276,1076030,655905.0,129625586.0
1999-10-19,27492,27923,26468,26575,1290530,639054.0,129625586.0
1999-10-20,26576,27492,26576,27007,1593740,649424.0,129625586.0
1999-10-21,27169,27762,26441,26441,1857060,635813.0,129625586.0
1999-10-22,26414,26684,25875,26090,1289620,627388.0,129625586.0
1999-10-25,25875,26037,24258,24257,1464710,583315.0,129625586.0
1999-10-26,23288,24150,23207,23449,1268690,563871.0,129625586.0
1999-10-27,23234,24150,22641,23179,1611150,557390.0,129625586.0
1999-10-28,22695,26657,22695,26656,4714170,640999.0,129625586.0
1999-10-29,27977,29648,27492,27815,6346000,668868.0,129625586.0
1999-11-01,28840,28840,26738,27653,2965600,664979.0,129625586.0
1999-11-02,28031,29648,27816,29648,2590230,712941.0,129625586.0
1999-11-03,29918,30134,28031,28031,2334170,674053.0,129625586.0
1999-11-04,29595,30673,28193,28408,4239360,683127.0,129625586.0
1999-11-05,28570,29055,28031,28139,2993090,676646.0,129625586.0
1999-11-08,28193,28463,28031,28139,2592650,676646.0,129625586.0
1999-11-09,28139,29325,28139,28516,1913150,685719.0,129625586.0
1999-11-10,28516,28732,28193,28246,1776700,679238.0,129625586.0
1999-11-11,28355,29109,28193,28246,2601190,679238.0,129625586.0
1999-11-12,28409,29002,28085,28246,2325290,679238.0,129625586.0
1999-11-15,28516,28732,28193,28300,1523370,680534.0,129625586.0
1999-11-16,28193,28409,27977,28085,1766540,675349.0,129625586.0
1999-11-17,28409,29648,28085,29271,3631820,703867.0,129625586.0
1999-11-18,29487,29595,28301,28408,1869860,683127.0,129625586.0
1999-11-19,28678,29002,28247,28300,1560160,680534.0,129625586.0
1999-11-22,28301,29379,28301,28354,1519860,681831.0,129625586.0
1999-11-23,28355,28732,28301,28300,937890,680534.0,129625586.0
1999-11-24,28301,28516,28085,28300,1234420,680534.0,129625586.0
1999-11-25,28301,28840,28031,28139,1515610,676646.0,129625586.0
1999-11-26,27492,28570,24851,24850,938770,597574.0,129625586.0
1999-11-29,25390,25821,24312,24311,400190,584611.0,129625586.0
1999-11-30,22910,24905,22910,24365,655450,585908.0,129625586.0
1999-12-01,23988,24231,23180,23179,644790,557390.0,129625586.0
1999-12-02,23773,26549,23719,24419,976020,587204.0,129625586.0
1999-12-03,24420,25228,23719,23934,333980,575538.0,129625586.0
1999-12-06,23988,24366,22910,23179,485840,557390.0,129625586.0
1999-12-07,23180,23180,21563,21832,610000,524984.0,129625586.0
1999-12-08,21670,21670,20511,21185,442740,509429.0,129625586.0
1999-12-09,20862,22102,18220,18220,784730,438134.0,129625586.0
1999-12-10,19945,20943,19676,20942,419380,503595.0,129625586.0
1999-12-13,24042,24069,22641,24069,608750,578778.0,129625586.0
1999-12-14,25066,26899,24258,24796,1491410,596278.0,129625586.0
1999-12-15,23988,24258,22964,22964,504300,552205.0,129625586.0
1999-12-16,22964,24231,22910,23422,428990,563223.0,129625586.0
1999-12-17,23449,24204,23018,23179,333120,557390.0,129625586.0
1999-12-20,23180,23827,21886,21939,277970,527576.0,129625586.0
1999-12-21,21832,21913,20484,21050,361430,506188.0,129625586.0
1999-12-22,19945,21563,19945,21508,289640,517206.0,129625586.0
1999-12-23,20215,22048,19945,20646,310470,496466.0,129625586.0
1999-12-24,20215,21293,20215,20915,243800,502947.0,129625586.0
1999-12-27,20916,21563,20215,20457,243260,491929.0,129625586.0
1999-12-28,20484,22587,20484,22101,388560,531465.0,129625586.0
2000-01-04,21023,23180,20754,22263,206010,535354.0,129625586.0
2000-01-05,21320,21805,20754,21239,245500,510725.0,129625586.0
2000-01-06,21563,22102,18059,19945,332760,479615.0,129625586.0
2000-01-07,20215,21293,20053,20565,253980,494522.0,129625586.0
2000-01-10,20592,21239,20565,20753,229700,499059.0,129625586.0
2000-01-11,20484,21509,19514,19891,314010,478318.0,129625586.0
2000-01-12,19891,20484,18921,19352,208210,465356.0,129625586.0
2000-01-13,19352,19891,18113,18112,365400,435542.0,129625586.0
2000-01-14,18598,20673,18598,19783,481820,475726.0,129625586.0
2000-01-17,19838,20269,19622,19918,264510,478967.0,129625586.0
2000-01-18,19406,19918,18598,18894,192290,454338.0,129625586.0
2000-01-19,18382,18813,17843,18004,263810,432949.0,129625586.0
2000-01-20,17331,18598,17331,17950,258960,431653.0,129625586.0
2000-01-21,18274,18786,17304,17735,346540,426468.0,129625586.0
2000-01-24,17304,18220,17304,17950,216850,431653.0,129625586.0
2000-01-25,17520,17789,17304,17519,206100,421283.0,129625586.0
2000-01-26,17304,18220,17304,18220,211080,438134.0,129625586.0
2000-01-27,18328,19864,17978,19406,398550,466652.0,129625586.0
2000-01-28,19568,19622,18463,18759,225710,451097.0,129625586.0
2000-01-31,18328,19137,18328,18435,252090,443320.0,129625586.0
2000-02-01,18598,19406,18463,18786,281020,451745.0,129625586.0
2000-02-02,18921,19406,18786,19298,248280,464060.0,129625586.0
2000-02-03,19460,22048,19325,20565,708510,494522.0,129625586.0
2000-02-07,20754,20916,19999,20268,388380,487392.0,129625586.0
2000-02-08,19945,20053,19191,19190,236590,461467.0,129625586.0
2000-02-09,19191,19622,18759,18840,193090,453041.0,129625586.0
2000-02-10,18544,18840,17789,17789,376950,427764.0,129625586.0
2000-02-11,17843,18113,17412,17950,238610,431653.0,129625586.0
2000-02-14,17331,17789,17277,17573,193570,422579.0,129625586.0
2000-02-15,17331,18059,17331,17546,220340,421931.0,129625586.0
2000-02-16,17789,18220,17466,18220,241060,438134.0,129625586.0
2000-02-17,18166,19406,17789,17842,169440,429061.0,129625586.0
2000-02-18,17627,18059,16980,17034,295340,409617.0,129625586.0
2000-02-21,16765,17007,15175,15632,221650,375914.0,129625586.0
2000-02-22,15633,15848,14636,15525,176920,373322.0,129625586.0
2000-02-23,15202,17520,15148,16387,355000,394062.0,129625586.0
2000-02-24,16388,16468,15363,15417,184170,370729.0,129625586.0
2000-02-25,15202,16172,14878,15632,177130,375914.0,129625586.0
2000-02-28,16172,17250,16172,16333,412850,392766.0,129625586.0
2000-02-29,16980,17250,16172,16441,246090,395358.0,129625586.0
2000-03-02,16172,16441,15687,16225,310770,390173.0,129625586.0
2000-03-03,16388,16388,15633,15767,254480,379155.0,129625586.0
2000-03-06,16226,17250,15714,16603,343330,399247.0,129625586.0
2000-03-07,16711,18328,16441,17115,359170,411561.0,129625586.0
2000-03-08,16711,17061,16603,16710,227520,401839.0,129625586.0
2000-03-09,17196,17681,15633,15632,632880,375914.0,129625586.0
2000-03-10,16711,17708,16495,16980,567000,408321.0,129625586.0
2000-03-13,17358,17520,16495,17088,557430,410913.0,129625586.0
2000-03-14,17142,17627,16522,16549,376930,397951.0,129625586.0
2000-03-15,16495,16711,15956,16171,327880,388877.0,129625586.0
2000-03-16,16441,16819,16172,16306,220110,392117.0,129625586.0
2000-03-17,16711,18732,16334,18732,1290000,450449.0,129625586.0
2000-03-20,19110,21509,18921,19406,1862810,466652.0,129625586.0
2000-03-21,20484,20700,16549,17250,622260,414802.0,129625586.0
2000-03-22,17358,18193,16980,17250,474040,414802.0,129625586.0
2000-03-23,17250,17250,16522,16710,526840,401839.0,129625586.0
2000-03-24,16980,17142,16765,17007,274140,408969.0,129625586.0
2000-03-27,17034,17034,16441,16657,273840,400543.0,129625586.0
2000-03-28,16603,16980,16495,16657,263590,400543.0,129625586.0
2000-03-29,16819,16819,16253,16333,298870,392766.0,129625586.0
2000-03-30,16280,16280,15741,16091,291110,386932.0,129625586.0
2000-03-31,15902,17250,15687,16710,257500,401839.0,129625586.0
2000-04-03,16226,16549,15956,16117,164810,387581.0,129625586.0
2000-04-04,15902,16441,15902,16144,213810,388229.0,129625586.0
2000-04-06,16172,16172,15552,15551,152710,373970.0,129625586.0
2000-04-07,15552,15956,15417,15525,176720,373322.0,129625586.0
2000-04-10,15525,16711,15363,16225,564660,390173.0,129625586.0
2000-04-11,15956,16010,15525,15525,180370,373322.0,129625586.0
2000-04-12,15471,15848,15363,15390,276660,370081.0,129625586.0
2000-04-14,14986,15309,14716,14932,217200,359063.0,129625586.0
2000-04-17,13477,14797,13477,13692,248610,329249.0,129625586.0
2000-04-18,15363,15363,13746,14150,295530,340267.0,129625586.0
2000-04-19,14177,14528,14016,14123,302440,339619.0,129625586.0
2000-04-20,13908,14096,13692,13853,179090,333138.0,129625586.0
2000-04-21,13908,14501,13638,14042,327080,337675.0,129625586.0
2000-04-24,14016,14043,13530,13719,168020,329897.0,129625586.0
2000-04-25,13504,13692,13207,13260,167700,318879.0,129625586.0
2000-04-26,13477,13800,12479,12506,200650,300731.0,129625586.0
2000-04-27,12452,12884,11644,12371,247290,297491.0,129625586.0
2000-04-28,12371,12830,12075,12371,182190,297491.0,129625586.0
2000-05-02,11967,12398,11859,12182,303980,292954.0,129625586.0
2000-05-03,12183,12452,11967,12371,256570,297491.0,129625586.0
2000-05-04,12345,12345,12021,12101,143150,291009.0,129625586.0
2000-05-08,12129,12264,11913,12075,153270,290361.0,129625586.0
2000-05-09,12075,12156,11752,11940,278060,287121.0,129625586.0
2000-05-10,11967,12210,11859,11967,197180,287769.0,129625586.0
2000-05-12,11967,12129,11455,11535,195260,277399.0,129625586.0
2000-05-15,11374,11752,10566,10592,184500,254714.0,129625586.0
2000-05-16,10512,10673,10107,10323,160770,248233.0,129625586.0
2000-05-17,10242,10242,8787,8948,286440,215178.0,129625586.0
2000-05-18,8948,9056,7763,7924,221720,190550.0,129625586.0
2000-05-19,7816,8841,7601,8517,220460,204808.0,129625586.0
2000-05-22,8517,8895,8167,8193,181640,197031.0,129625586.0
2000-05-23,8194,9407,8194,9406,264350,226197.0,129625586.0
2000-05-24,9272,10512,8221,9164,629510,220363.0,129625586.0
2000-05-25,9973,10350,9541,9864,390210,237215.0,129625586.0
2000-05-26,10673,10727,9541,9541,478040,229437.0,129625586.0
2000-05-29,8490,9865,8490,9703,249270,233326.0,129625586.0
2000-05-30,9703,10350,9595,9810,291620,235919.0,129625586.0
2000-05-31,10512,11266,9865,11266,711220,270917.0,129625586.0
2000-06-01,11320,12884,11266,12182,857850,292954.0,129625586.0
2000-06-02,12183,13989,11590,13988,1066710,336378.0,129625586.0
2000-06-05,14231,15309,14070,14608,1042500,351285.0,129625586.0
2000-06-07,14339,16792,13584,16791,906910,403784.0,129625586.0
2000-06-08,17789,18328,15633,16171,1028700,388877.0,129625586.0
2000-06-09,15148,16711,14663,16225,425790,390173.0,129625586.0
2000-06-12,16226,16388,15471,15578,240560,374618.0,129625586.0
2000-06-13,14204,15929,14204,14878,241120,357767.0,129625586.0
2000-06-14,14878,15417,14285,15093,178270,362952.0,129625586.0
2000-06-15,14555,14986,13207,13207,183020,317583.0,129625586.0
2000-06-16,12398,13477,12398,12694,151890,305268.0,129625586.0
2000-06-19,12695,13315,12398,12667,191020,304620.0,129625586.0
2000-06-20,13477,13530,12479,12856,232300,309157.0,129625586.0
2000-06-21,13477,13477,12668,12937,263430,311101.0,129625586.0
2000-06-22,12776,13315,12560,12614,266760,303324.0,129625586.0
2000-06-23,12668,12884,12345,12694,129040,305268.0,129625586.0
2000-06-26,12506,12938,12452,12694,119040,305268.0,129625586.0
2000-06-27,12452,14582,12452,14581,476590,350637.0,129625586.0
2000-06-28,15202,16765,15202,16764,968030,403136.0,129625586.0
2000-06-29,16765,18759,16495,17169,1690840,412857.0,129625586.0
2000-06-30,17169,17493,15902,16710,558230,401839.0,129625586.0
2000-07-03,16711,17951,16441,17357,636030,417394.0,129625586.0
2000-07-04,16873,17196,16037,16037,418370,385636.0,129625586.0
2000-07-05,15525,16711,15525,16117,381810,387581.0,129625586.0
2000-07-06,15633,16657,15552,16279,365790,391469.0,129625586.0
2000-07-07,17034,18705,17034,18705,948300,449801.0,129625586.0
2000-07-10,20215,20430,17816,18759,2120000,451097.0,129625586.0
2000-07-11,18840,19622,17843,17923,1020730,431005.0,129625586.0
2000-07-12,18005,18166,16980,17303,412460,416098.0,129625586.0
2000-07-13,16819,18220,16819,17789,522510,427764.0,129625586.0
2000-07-14,18328,19298,18113,18597,988390,447208.0,129625586.0
2000-07-18,19245,19245,18382,18867,548300,453690.0,129625586.0
2000-07-19,18813,20215,18598,19433,1086630,467300.0,129625586.0
2000-07-20,19352,20080,19029,19298,583120,464060.0,129625586.0
2000-07-21,19298,21563,19298,21023,1561140,505540.0,129625586.0
2000-07-24,20592,20916,18975,18975,461160,456282.0,129625586.0
2000-07-25,18975,19945,18490,18975,387660,456282.0,129625586.0
2000-07-26,19191,19676,18086,18328,380030,440727.0,129625586.0
2000-07-27,15579,19083,15579,19082,430780,458875.0,129625586.0
2000-07-28,19029,19514,18598,19136,415900,460171.0,129625586.0
2000-07-31,18652,19406,18652,19136,219070,460171.0,129625586.0
2000-08-01,19137,20754,18894,20753,518570,499059.0,129625586.0
2000-08-02,20754,22102,20026,21346,888010,513317.0,129625586.0
2000-08-03,21563,21563,20592,20673,421420,497114.0,129625586.0
2000-08-04,20538,20538,19164,20430,337520,491281.0,129625586.0
2000-08-07,19541,20080,18598,18597,274750,447208.0,129625586.0
2000-08-08,18840,19056,17250,17250,234280,414802.0,129625586.0
2000-08-09,17250,18490,17250,17950,200140,431653.0,129625586.0
2000-08-10,17789,19298,17789,19298,268710,464060.0,129625586.0
2000-08-11,18355,19298,18059,18867,303700,453690.0,129625586.0
2000-08-14,19406,19568,18705,19136,235650,460171.0,129625586.0
2000-08-16,19137,19406,18759,18759,194450,451097.0,129625586.0
2000-08-17,18544,19676,17520,17573,811690,422579.0,129625586.0
2000-08-18,17708,18032,17250,17250,515470,414802.0,129625586.0
2000-08-21,17142,17358,16576,16710,223640,401839.0,129625586.0
2000-08-22,16441,17142,16361,16818,355610,404432.0,129625586.0
2000-08-23,16927,17088,15983,16064,328960,386284.0,129625586.0
2000-08-24,15902,16307,15498,16306,258000,392117.0,129625586.0
2000-08-25,15983,16549,15768,16360,221960,393414.0,129625586.0
2000-08-28,15956,16657,15956,16171,181970,388877.0,129625586.0
2000-08-29,16226,16468,16010,16144,192510,388229.0,129625586.0
2000-08-30,16172,16549,15983,16091,248830,386932.0,129625586.0
2000-08-31,16091,16091,15175,15390,231380,370081.0,129625586.0
2000-09-01,14905,15848,14905,15471,208220,372025.0,129625586.0
2000-09-04,15255,15633,15067,15120,152360,363600.0,129625586.0
2000-09-05,15148,15390,14770,15093,177300,362952.0,129625586.0
2000-09-06,14932,15525,14824,15093,146540,362952.0,129625586.0
2000-09-07,14824,15255,14501,14770,274180,355174.0,129625586.0
2000-09-08,14582,15040,14285,14285,198500,343508.0,129625586.0
2000-09-14,14016,14016,12722,12991,476860,312398.0,129625586.0
2000-09-15,13261,13638,12938,12991,350380,312398.0,129625586.0
2000-09-18,11940,12398,11078,11320,308490,272214.0,129625586.0
2000-09-19,10242,11266,10242,10969,264420,263788.0,129625586.0
2000-09-20,11051,11752,11051,11428,348420,274806.0,129625586.0
2000-09-21,11293,11320,10808,10942,183220,263140.0,129625586.0
2000-09-22,11239,11239,9865,9864,184380,237215.0,129625586.0
2000-09-25,9703,10620,9703,10538,167020,253418.0,129625586.0
2000-09-26,10242,10727,10242,10457,179220,251474.0,129625586.0
2000-09-27,10727,11859,10296,11482,210410,276102.0,129625586.0
2000-09-28,11752,11859,11051,11320,176410,272214.0,129625586.0
2000-09-29,11482,12129,11159,11670,235780,280639.0,129625586.0
2000-10-02,11347,11590,10943,11212,153650,269621.0,129625586.0
2000-10-04,11105,11563,10889,11320,136630,272214.0,129625586.0
2000-10-05,11320,11698,11320,11374,325710,273510.0,129625586.0
2000-10-06,10862,11266,10808,10916,361410,262492.0,129625586.0
2000-10-09,11051,11051,10566,10592,333030,254714.0,129625586.0
2000-10-10,10620,10889,10566,10700,274960,257307.0,129625586.0
2000-10-11,10700,10943,9703,10619,238590,255362.0,129625586.0
2000-10-12,10296,10754,10000,9999,293450,240455.0,129625586.0
2000-10-13,10000,11482,9002,11158,800300,268325.0,129625586.0
2000-10-16,11805,12371,11159,11428,861330,274806.0,129625586.0
2000-10-17,11105,11159,10242,10403,309250,250177.0,129625586.0
2000-10-18,10404,10889,10242,10457,225070,251474.0,129625586.0
2000-10-19,10458,11051,10458,10646,237960,256011.0,129625586.0
2000-10-20,11051,11320,10754,10781,282650,259251.0,129625586.0
2000-10-23,10781,11051,10458,10511,138490,252770.0,129625586.0
2000-10-24,10269,10781,10269,10565,118860,254066.0,129625586.0
2000-10-25,10377,10485,10323,10323,158280,248233.0,129625586.0
2000-10-26,11051,11051,10242,10619,186730,255362.0,129625586.0
2000-10-27,10404,11509,10404,10673,390520,256659.0,129625586.0
2000-10-30,10943,10943,10512,10538,100030,253418.0,129625586.0
2000-10-31,9865,10539,9164,10376,251980,249529.0,129625586.0
2000-11-01,9865,10997,9865,10619,554810,255362.0,129625586.0
2000-11-02,10727,10835,10404,10538,333960,253418.0,129625586.0
2000-11-03,10646,11266,10620,10808,355670,259899.0,129625586.0
2000-11-06,10970,11105,10781,10781,290590,259251.0,129625586.0
2000-11-07,10566,11698,10566,10942,432830,263140.0,129625586.0
2000-11-08,10727,11132,10727,10889,247040,261844.0,129625586.0
2000-11-09,10727,10943,10512,10646,257340,256011.0,129625586.0
2000-11-10,10512,10727,10404,10727,177600,257955.0,129625586.0
2000-11-13,10512,10646,10323,10350,179760,248881.0,129625586.0
2000-11-14,10080,10512,10080,10350,91810,248881.0,129625586.0
2000-11-15,10458,10673,9973,9972,329560,239807.0,129625586.0
2000-11-16,10027,10350,9973,10026,209980,241104.0,129625586.0
2000-11-17,10107,11509,9730,11508,1005580,276751.0,129625586.0
2000-11-20,12129,13234,11644,11859,1416540,285176.0,129625586.0
2000-11-21,11859,12345,10916,12101,710420,291009.0,129625586.0
2000-11-22,12183,12345,11105,11320,296990,272214.0,129625586.0
2000-11-23,10835,11590,10835,10916,294510,262492.0,129625586.0
2000-11-24,10997,12533,10997,12533,1143600,301379.0,129625586.0
2000-11-27,13045,13099,11859,11859,1071900,285176.0,129625586.0
2000-11-28,12075,12776,11698,12667,970520,304620.0,129625586.0
2000-11-29,12668,13962,10808,10969,3763860,263788.0,129625586.0
2000-11-30,11159,11832,10242,11320,890130,272214.0,129625586.0
2000-12-01,10296,11374,10296,11374,521340,273510.0,129625586.0
2000-12-04,10835,11617,10835,11131,396310,267677.0,129625586.0
2000-12-05,10889,11266,10700,10727,323470,257955.0,129625586.0
2000-12-06,11051,11159,10620,10619,546600,255362.0,129625586.0
2000-12-07,10835,10835,10242,10430,222220,250826.0,129625586.0
2000-12-08,10242,10458,10027,10403,362240,250177.0,129625586.0
2000-12-11,10512,10781,10431,10511,244590,252770.0,129625586.0
2000-12-12,10512,10700,10296,10350,182230,248881.0,129625586.0
2000-12-13,10350,10646,10269,10457,191780,251474.0,129625586.0
2000-12-14,10458,10620,10215,10215,434120,245640.0,129625586.0
2000-12-15,10215,10350,10080,10080,257130,242400.0,129625586.0
2000-12-18,10107,10215,9811,9810,211720,235919.0,129625586.0
2000-12-19,9811,9865,9164,9217,304140,221660.0,129625586.0
2000-12-20,8868,9434,8490,8840,379420,212586.0,129625586.0
2000-12-21,8517,8841,8302,8382,220990,201568.0,129625586.0
2000-12-22,8463,8679,7924,8166,157050,196383.0,129625586.0
2000-12-26,8167,8329,8059,8085,157790,194438.0,129625586.0
2001-01-02,7709,9299,7682,8598,191240,206753.0,129625586.0
2001-01-03,8571,8868,8221,8598,265210,206753.0,129625586.0
2001-01-04,9218,9649,8975,9568,340970,230085.0,129625586.0
2001-01-05,9595,9838,9056,9757,556760,234622.0,129625586.0
2001-01-08,9595,9946,9568,9891,499870,237863.0,129625586.0
2001-01-09,9757,9973,9568,9918,356110,238511.0,129625586.0
2001-01-10,10027,10215,9245,9244,422710,222308.0,129625586.0
2001-01-11,9218,9649,8921,8921,489570,214530.0,129625586.0
2001-01-12,9434,9595,9164,9325,632890,224252.0,129625586.0
2001-01-15,8975,9703,8975,9406,655950,226197.0,129625586.0
2001-01-16,9434,9649,9164,9298,274120,223604.0,129625586.0
2001-01-17,9272,9434,8948,9029,396650,217123.0,129625586.0
2001-01-18,9110,9164,9002,9002,332040,216475.0,129625586.0
2001-01-19,9164,9326,9002,9164,288870,220363.0,129625586.0
2001-01-22,9164,10188,9164,9972,645440,239807.0,129625586.0
2001-01-26,10027,10188,9218,9217,363210,221660.0,129625586.0
2001-01-29,9380,9622,9245,9541,268090,229437.0,129625586.0
2001-01-30,9838,9946,9514,9595,373960,230734.0,129625586.0
2001-01-31,9865,11024,9865,11023,859300,265084.0,129625586.0
2001-02-01,11024,11320,10188,10296,1658570,247585.0,129625586.0
2001-02-02,10350,10512,9946,10107,438230,243048.0,129625586.0
2001-02-05,10188,10188,9595,9595,309400,230734.0,129625586.0
2001-02-06,9703,9946,9488,9918,298050,238511.0,129625586.0
2001-02-07,9703,9784,9568,9595,263200,230734.0,129625586.0
2001-02-08,9299,9784,9299,9703,239920,233326.0,129625586.0
2001-02-09,9703,9811,9488,9676,342140,232678.0,129625586.0
2001-02-12,9434,9757,9434,9730,278440,233974.0,129625586.0
2001-02-13,9703,9838,9568,9676,228290,232678.0,129625586.0
2001-02-14,9676,9892,9514,9891,416550,237863.0,129625586.0
2001-02-15,10000,10000,9703,9810,214780,235919.0,129625586.0
2001-02-16,9703,9811,9595,9595,230520,230734.0,129625586.0
2001-02-19,9514,9595,9326,9541,274920,229437.0,129625586.0
2001-02-20,9487,9865,9487,9730,330040,233974.0,129625586.0
2001-02-21,9784,10242,9703,9810,479310,235919.0,129625586.0
2001-02-22,9919,9919,9514,9595,294890,230734.0,129625586.0
2001-02-23,9676,9919,9568,9703,219540,233326.0,129625586.0
2001-02-26,9757,10377,9703,10215,606700,245640.0,129625586.0
2001-02-27,10512,10512,9757,9757,551120,234622.0,129625586.0
2001-02-28,9541,9865,9541,9730,190310,233974.0,129625586.0
2001-03-02,9703,9703,9299,9298,285240,223604.0,129625586.0
2001-03-05,8948,9434,8921,9271,178800,222956.0,129625586.0
2001-03-06,9434,9461,9164,9271,199320,222956.0,129625586.0
2001-03-07,9380,9407,9164,9191,196260,221012.0,129625586.0
2001-03-08,9245,9838,9218,9703,664000,233326.0,129625586.0
2001-03-09,10188,10350,9730,9810,934510,235919.0,129625586.0
2001-03-12,9488,9622,9164,9244,245300,222308.0,129625586.0
2001-03-13,8895,9002,8760,8840,222440,212586.0,129625586.0
2001-03-14,9002,9245,8895,9137,192910,219715.0,129625586.0
2001-03-15,8679,9056,8652,8975,235320,215827.0,129625586.0
2001-03-16,8733,9056,8733,8975,150980,215827.0,129625586.0
2001-03-19,8895,9164,8895,9002,152720,216475.0,129625586.0
2001-03-20,9110,9218,9002,9056,116960,217771.0,129625586.0
2001-03-21,8895,9272,8787,9271,178720,222956.0,129625586.0
2001-03-22,9110,9272,9002,9002,105840,216475.0,129625586.0
2001-03-23,9083,9272,9002,9002,144640,216475.0,129625586.0
2001-03-26,9110,9110,9002,9083,177030,218419.0,129625586.0
2001-03-27,9083,9164,8975,9029,118860,217123.0,129625586.0
2001-03-28,9083,9083,8814,8840,146320,212586.0,129625586.0
2001-03-29,8679,8948,8679,8786,115910,211290.0,129625586.0
2001-03-30,8760,8868,8544,8625,132800,207401.0,129625586.0
2001-04-02,8733,8787,8571,8678,123960,208697.0,129625586.0
2001-04-03,8625,8787,8463,8517,97350,204808.0,129625586.0
2001-04-04,8490,8625,8355,8517,99950,204808.0,129625586.0
2001-04-06,8760,8760,8409,8409,232180,202216.0,129625586.0
2001-04-09,8409,8409,8086,8112,128200,195087.0,129625586.0
2001-04-10,8167,8248,8086,8112,109930,195087.0,129625586.0
2001-04-11,8248,8329,8086,8112,289560,195087.0,129625586.0
2001-04-12,8140,8221,8059,8112,290900,195087.0,129625586.0
2001-04-13,8194,9056,8140,8625,943000,207401.0,129625586.0
2001-04-16,8571,8598,8355,8409,218410,202216.0,129625586.0
2001-04-17,8329,8544,8329,8409,188580,202216.0,129625586.0
2001-04-18,8436,8652,8436,8625,263930,207401.0,129625586.0
2001-04-19,9164,9541,8787,8786,737040,211290.0,129625586.0
2001-04-20,8921,9002,8787,8840,286540,212586.0,129625586.0
2001-04-23,8841,9002,8760,8786,206480,211290.0,129625586.0
2001-04-24,8760,8760,8625,8625,144050,207401.0,129625586.0
2001-04-25,8463,8841,8463,8786,185920,211290.0,129625586.0
2001-04-26,8921,9002,8706,8759,236890,210642.0,129625586.0
2001-04-27,8814,8868,8652,8732,96420,209993.0,129625586.0
2001-04-30,8787,8895,8787,8813,197190,211938.0,129625586.0
2001-05-02,8841,9029,8787,8921,430880,214530.0,129625586.0
2001-05-03,8975,8975,8706,8786,200530,211290.0,129625586.0
2001-05-04,8706,8841,8706,8840,155600,212586.0,129625586.0
2001-05-07,8814,8921,8733,8840,198730,212586.0,129625586.0
2001-05-08,8895,9326,8895,9110,316890,219067.0,129625586.0
2001-05-09,9083,9083,8787,8813,190600,211938.0,129625586.0
2001-05-10,8814,9299,8760,8948,863610,215178.0,129625586.0
2001-05-11,9002,9083,8895,9056,300170,217771.0,129625586.0
2001-05-14,9488,9811,9488,9595,985020,230734.0,129625586.0
2001-05-15,9595,9649,9218,9460,411080,227493.0,129625586.0
2001-05-16,9595,9757,9272,9271,380460,222956.0,129625586.0
2001-05-17,9380,9676,9326,9460,355810,227493.0,129625586.0
2001-05-18,9434,9514,9272,9406,313590,226197.0,129625586.0
2001-05-21,9703,10269,9649,10188,805170,244992.0,129625586.0
2001-05-22,10296,10512,10080,10080,746500,242400.0,129625586.0
2001-05-23,10080,10673,10080,10511,572010,252770.0,129625586.0
2001-05-24,10404,11186,10296,11185,722710,268973.0,129625586.0
2001-05-25,11293,12183,11293,11589,907840,278695.0,129625586.0
2001-05-28,11590,11779,11105,11374,440450,273510.0,129625586.0
2001-05-29,11213,11536,11051,11482,680490,276102.0,129625586.0
2001-05-30,11482,12129,11347,11913,615720,286473.0,129625586.0
2001-05-31,11698,13692,11698,13692,3399820,329249.0,129625586.0
2001-06-01,13746,14447,12722,13099,2466620,314990.0,129625586.0
2001-06-04,12938,13018,12345,12560,985600,302028.0,129625586.0
2001-06-05,12938,13099,11617,11643,1133180,279991.0,129625586.0
2001-06-07,11698,12075,11617,11805,689940,283880.0,129625586.0
2001-06-08,12021,12129,11698,11967,487340,287769.0,129625586.0
2001-06-11,12183,12237,11671,11751,464410,282584.0,129625586.0
2001-06-12,11752,12398,11644,12398,479470,298139.0,129625586.0
2001-06-13,12668,12938,12398,12748,650890,306565.0,129625586.0
2001-06-14,12614,12911,12398,12748,476420,306565.0,129625586.0
2001-06-15,12776,12884,12291,12883,371470,309805.0,129625586.0
2001-06-18,12884,13584,12668,12937,933370,311101.0,129625586.0
2001-06-19,13423,13719,12938,13045,684010,313694.0,129625586.0
2001-06-20,13369,13369,12345,12452,339390,299435.0,129625586.0
2001-06-21,12398,12991,12398,12667,495950,304620.0,129625586.0
2001-06-22,12668,12938,12560,12560,178540,302028.0,129625586.0
2001-06-25,12560,12776,12129,12317,240550,296194.0,129625586.0
2001-06-26,12398,12452,12183,12209,209050,293602.0,129625586.0
2001-06-27,12749,14016,12318,14015,817930,337027.0,129625586.0
2001-06-28,15094,16118,14878,16117,4085120,387581.0,129625586.0
2001-06-29,16711,17169,15417,16037,2566740,385636.0,129625586.0
2001-07-02,16172,18247,15202,16980,2621310,408321.0,129625586.0
2001-07-03,16711,17681,16441,17196,896200,413506.0,129625586.0
2001-07-04,16819,16980,16388,16764,678110,403136.0,129625586.0
2001-07-05,16253,18005,16253,16899,1000910,406376.0,129625586.0
2001-07-06,16711,16980,16118,16171,445490,388877.0,129625586.0
2001-07-09,15795,16118,14285,14770,529760,355174.0,129625586.0
2001-07-10,15094,15525,14609,15417,402340,370729.0,129625586.0
2001-07-11,14663,15363,14339,15309,416680,368137.0,129625586.0
2001-07-12,15094,15579,14824,14824,409120,356470.0,129625586.0
2001-07-13,15471,15471,14770,14824,482210,356470.0,129625586.0
2001-07-16,14285,15902,13746,14123,1687180,339619.0,129625586.0
2001-07-18,13989,13989,12129,12398,856720,298139.0,129625586.0
2001-07-19,12291,13045,12021,12101,502690,291009.0,129625586.0
2001-07-20,11913,12048,11374,11535,511010,277399.0,129625586.0
2001-07-23,11159,11805,11159,11428,336830,274806.0,129625586.0
2001-07-24,11159,11698,10727,11482,486910,276102.0,129625586.0
2001-07-25,11159,11698,11105,11320,376900,272214.0,129625586.0
2001-07-26,11644,12722,11482,12398,750000,298139.0,129625586.0
2001-07-27,12668,12938,12183,12263,624690,294898.0,129625586.0
2001-07-30,12183,12345,11671,11751,267590,282584.0,129625586.0
2001-07-31,11590,11940,11590,11805,208740,283880.0,129625586.0
2001-08-01,11805,12668,11671,12667,527280,304620.0,129625586.0
2001-08-02,12668,12668,12129,12263,334170,294898.0,129625586.0
2001-08-03,12264,12345,11913,12128,288900,291658.0,129625586.0
2001-08-06,12237,12560,12129,12452,233720,299435.0,129625586.0
2001-08-07,12425,12587,12183,12479,254720,300083.0,129625586.0
2001-08-08,12452,12641,12129,12128,291620,291658.0,129625586.0
2001-08-09,12021,12264,11590,11589,241190,278695.0,129625586.0
2001-08-10,11698,11967,11698,11886,148270,285824.0,129625586.0
2001-08-13,11698,12398,11698,12290,288190,295546.0,129625586.0
2001-08-14,12291,13261,12210,12937,446430,311101.0,129625586.0
2001-08-16,12857,12938,12452,12937,289140,311101.0,129625586.0
2001-08-17,12938,13423,12668,12667,341620,304620.0,129625586.0
2001-08-20,12398,12398,12129,12317,163390,296194.0,129625586.0
2001-08-21,12398,12641,12291,12452,129000,299435.0,129625586.0
2001-08-22,12129,12614,11994,12344,195420,296843.0,129625586.0
2001-08-23,12291,12533,12183,12182,150600,292954.0,129625586.0
2001-08-24,12210,12318,11805,12048,178700,289713.0,129625586.0
2001-08-27,12129,13854,12129,13853,1388660,333138.0,129625586.0
2001-08-28,13854,13908,12830,13314,1035940,320175.0,129625586.0
2001-08-29,13099,13153,12156,12290,576580,295546.0,129625586.0
2001-08-30,11482,12102,11482,11859,396310,285176.0,129625586.0
2001-08-31,11536,11644,11320,11482,426280,276102.0,129625586.0
2001-09-03,11752,11967,11455,11589,167490,278695.0,129625586.0
2001-09-04,11590,11967,11482,11967,176790,287769.0,129625586.0
2001-09-05,11967,12021,11671,11751,192710,282584.0,129625586.0
2001-09-06,11590,12398,11590,12398,392740,298139.0,129625586.0
2001-09-07,12129,12668,11913,12614,407440,303324.0,129625586.0
2001-09-10,12291,12991,12291,12829,613420,308509.0,129625586.0
2001-09-11,12830,12938,12129,12398,360810,298139.0,129625586.0
2001-09-12,10539,10997,10539,10538,619180,253418.0,129625586.0
2001-09-13,10593,11051,10593,10700,653240,257307.0,129625586.0
2001-09-14,10781,10781,9218,9891,354830,237863.0,129625586.0
2001-09-17,9892,9892,8598,8625,560430,207401.0,129625586.0
2001-09-18,8948,9568,8895,9325,481520,224252.0,129625586.0
2001-09-19,9487,9811,9164,9298,405820,223604.0,129625586.0
2001-09-20,9380,9380,9002,9029,396670,217123.0,129625586.0
2001-09-21,9002,9299,8706,9191,379530,221012.0,129625586.0
2001-09-24,9272,9407,9164,9217,485650,221660.0,129625586.0
2001-09-25,9514,9703,8948,8948,862080,215178.0,129625586.0
2001-09-26,9164,9299,8841,9056,322300,217771.0,129625586.0
2001-09-27,8895,9541,8895,9110,1117640,219067.0,129625586.0
2001-09-28,9164,9326,9056,9164,436370,220363.0,129625586.0
2001-10-04,9541,9541,9353,9487,810980,228141.0,129625586.0
2001-10-05,9461,9757,9380,9487,1124050,228141.0,129625586.0
2001-10-08,9218,9407,9110,9164,571970,220363.0,129625586.0
2001-10-09,9380,9730,9326,9541,1388720,229437.0,129625586.0
2001-10-10,9595,9703,9299,9352,813420,224900.0,129625586.0
2001-10-11,9622,9892,9514,9622,2203200,231382.0,129625586.0
2001-10-12,9784,10107,9434,9541,3423830,229437.0,129625586.0
2001-10-15,9649,9757,9541,9541,1333870,229437.0,129625586.0
2001-10-16,9595,9757,9541,9595,1096660,230734.0,129625586.0
2001-10-17,9703,9892,9649,9810,1408720,235919.0,129625586.0
2001-10-18,9703,9784,9514,9541,812680,229437.0,129625586.0
2001-10-19,9541,9622,9434,9460,914200,227493.0,129625586.0
2001-10-22,9703,9865,9541,9837,2198780,236567.0,129625586.0
2001-10-23,10027,10054,9757,9757,1588250,234622.0,129625586.0
2001-10-24,9757,9865,9649,9810,872070,235919.0,129625586.0
2001-10-25,9865,10323,9730,10107,1941680,243048.0,129625586.0
2001-10-26,10242,10323,10000,10188,1020240,244992.0,129625586.0
2001-10-29,10458,10458,10054,10080,1243830,242400.0,129625586.0
2001-10-30,9865,9973,9703,9703,944380,233326.0,129625586.0
2001-10-31,9595,9622,9461,9487,858360,228141.0,129625586.0
2001-11-01,9541,9703,9541,9595,839770,230734.0,129625586.0
2001-11-02,9811,9919,9622,9649,982540,232030.0,129625586.0
2001-11-05,9757,9973,9730,9891,2136180,237863.0,129625586.0
2001-11-06,10269,10350,10000,9999,2653820,240455.0,129625586.0
2001-11-07,9973,9973,9676,9676,1258180,232678.0,129625586.0
2001-11-08,9703,9838,9703,9810,1235590,235919.0,129625586.0
2001-11-09,9784,9811,9730,9783,920860,235270.0,129625586.0
2001-11-12,9892,10027,9838,9972,2446000,239807.0,129625586.0
2001-11-13,10134,10242,9919,10134,1855200,243696.0,129625586.0
2001-11-14,10242,10431,10188,10323,2665610,248233.0,129625586.0
2001-11-15,10350,10566,10080,10134,2322040,243696.0,129625586.0
2001-11-16,10134,10458,10080,10403,2124960,250177.0,129625586.0
2001-11-19,10512,11213,10485,11158,6113850,268325.0,129625586.0
2001-11-20,11536,11536,10673,10916,4632070,262492.0,129625586.0
2001-11-21,10781,10889,10404,10511,2607150,252770.0,129625586.0
2001-11-22,10512,10781,10323,10781,1922550,259251.0,129625586.0
2001-11-23,10646,10943,10646,10889,2520320,261844.0,129625586.0
2001-11-26,11024,12398,10970,12398,5863160,298139.0,129625586.0
2001-11-27,12345,12479,11752,12128,4236280,291658.0,129625586.0
2001-11-28,12129,12129,11186,11185,2837860,268973.0,129625586.0
2001-11-29,11051,11698,10673,11589,2154280,278695.0,129625586.0
2001-11-30,11859,11913,11455,11589,2532340,278695.0,129625586.0
2001-12-03,11482,11725,11213,11616,1720790,279343.0,129625586.0
2001-12-04,11482,11563,11239,11266,1581330,270917.0,129625586.0
2001-12-05,11374,11805,11374,11643,2078350,279991.0,129625586.0
2001-12-06,11913,12156,11374,11535,2162190,277399.0,129625586.0
2001-12-07,11401,11752,11374,11482,1459770,276102.0,129625586.0
2001-12-10,11590,11698,11213,11212,1430380,269621.0,129625586.0
2001-12-11,11159,11266,10781,10969,1130340,263788.0,129625586.0
2001-12-12,10835,11078,10673,11050,1170830,265732.0,129625586.0
2001-12-13,11266,11698,10943,11320,3961400,272214.0,129625586.0
2001-12-14,11266,11401,10943,10996,1047910,264436.0,129625586.0
2001-12-17,11105,11105,10512,10511,1303010,252770.0,129625586.0
2001-12-18,10377,10754,10188,10188,996070,244992.0,129625586.0
2001-12-19,10188,10404,9919,9945,975790,239159.0,129625586.0
2001-12-20,9919,10350,9865,10242,728440,246289.0,129625586.0
2001-12-21,10000,10080,9811,9864,848770,237215.0,129625586.0
2001-12-24,9973,10027,9757,9837,508400,236567.0,129625586.0
2001-12-26,9811,10080,9811,10026,859600,241104.0,129625586.0
2001-12-27,9865,10404,9865,10215,725890,245640.0,129625586.0
2001-12-28,10458,10673,10296,10565,622810,254066.0,129625586.0
2002-01-02,10673,10862,10620,10727,758979,257955.0,129625586.0
2002-01-03,10781,10862,10458,10646,751238,256011.0,129625586.0
2002-01-04,10781,11213,10727,10862,819522,261196.0,129625586.0
2002-01-07,10889,11186,10727,11158,1027970,268325.0,129625586.0
2002-01-08,11132,11401,10997,11077,1514760,266381.0,129625586.0
2002-01-09,11105,11428,10808,11239,1748221,270269.0,129625586.0
2002-01-10,11320,12506,11239,11670,4584563,280639.0,129625586.0
2002-01-11,12129,12371,11563,11913,3107990,286473.0,129625586.0
2002-01-14,11967,12183,11779,11859,1636611,285176.0,129625586.0
2002-01-15,11186,11725,11186,11239,1354437,270269.0,129625586.0
2002-01-16,10916,11320,10916,11077,846280,266381.0,129625586.0
2002-01-17,10835,11051,10727,10942,1305501,263140.0,129625586.0
2002-01-18,10997,11401,10916,11320,1216830,272214.0,129625586.0
2002-01-21,11644,11779,11374,11428,760922,274806.0,129625586.0
2002-01-22,11536,11563,11266,11347,682970,272862.0,129625586.0
2002-01-23,11266,12156,11213,12021,1849996,289065.0,129625586.0
2002-01-24,12102,12237,11913,11967,1884006,287769.0,129625586.0
2002-01-25,12183,13477,12129,12937,7088962,311101.0,129625586.0
2002-01-28,13530,14609,13153,13934,6384867,335082.0,129625586.0
2002-01-29,13935,14474,13288,14473,2553550,348045.0,129625586.0
2002-01-30,13477,14312,13288,13638,2235883,327953.0,129625586.0
2002-01-31,14070,15390,13908,14878,4505508,357767.0,129625586.0
2002-02-01,15067,15309,13800,13800,2649520,331842.0,129625586.0
2002-02-04,13477,14258,13288,13314,1677593,320175.0,129625586.0
2002-02-05,12830,13369,12776,13207,1548530,317583.0,129625586.0
2002-02-06,13477,14123,13342,14069,2164343,338323.0,129625586.0
2002-02-07,14016,14932,13692,13907,2761380,334434.0,129625586.0
2002-02-08,13908,14070,13504,13853,1191370,333138.0,129625586.0
2002-02-14,14285,15013,14204,14824,2390130,356470.0,129625586.0
2002-02-15,14716,16388,14609,16010,4249720,384988.0,129625586.0
2002-02-18,16010,18409,15741,17789,6655400,427764.0,129625586.0
2002-02-19,17708,17951,16900,17142,2257187,412209.0,129625586.0
2002-02-20,16980,19352,16765,18274,3713503,439431.0,129625586.0
2002-02-21,18598,19137,18113,18597,2031424,447208.0,129625586.0
2002-02-22,18382,18382,17627,18004,1261137,432949.0,129625586.0
2002-02-25,17573,18166,17007,17196,1426370,413506.0,129625586.0
2002-02-26,17304,18166,17304,17762,1394216,427116.0,129625586.0
2002-02-27,17520,18975,17412,18624,2658551,447856.0,129625586.0
2002-02-28,18813,18813,18005,18274,1217260,439431.0,129625586.0
2002-03-04,18813,18867,18059,18274,2250010,439431.0,129625586.0
2002-03-05,18328,18544,17520,17762,1772554,427116.0,129625586.0
2002-03-06,17250,18382,17088,17519,2504769,421283.0,129625586.0
2002-03-07,17789,17789,17088,17276,1694941,415450.0,129625586.0
2002-03-08,16980,17358,16819,17250,1245883,414802.0,129625586.0
2002-03-11,17250,17493,17007,17357,1001460,417394.0,129625586.0
2002-03-12,17250,18005,17196,17735,1735197,426468.0,129625586.0
2002-03-13,18005,18059,17493,17654,1201985,424524.0,129625586.0
2002-03-14,17789,17789,15013,15471,8985540,372025.0,129625586.0
2002-03-15,16280,16441,15687,16010,5079630,384988.0,129625586.0
2002-03-18,16334,17034,16010,16495,3036377,396654.0,129625586.0
2002-03-19,16226,16711,16118,16171,1810102,388877.0,129625586.0
2002-03-20,16172,16441,15633,15632,2162456,375914.0,129625586.0
2002-03-21,15363,15983,15202,15686,1293902,377210.0,129625586.0
2002-03-22,15741,16927,15687,16657,3203193,400543.0,129625586.0
2002-03-25,17250,18813,16927,18139,4026060,436190.0,129625586.0
2002-03-26,17951,18652,17250,17250,1748590,414802.0,129625586.0
2002-03-27,17789,17870,17304,17519,1311380,421283.0,129625586.0
2002-03-28,17627,18005,17250,17250,1208545,414802.0,129625586.0
2002-03-29,17250,17546,16819,16872,835317,405728.0,129625586.0
2002-04-01,16711,16819,15929,15956,1207307,383692.0,129625586.0
2002-04-02,15956,16603,15902,16360,836480,393414.0,129625586.0
2002-04-03,15956,16441,15956,16279,794760,391469.0,129625586.0
2002-04-04,16172,17520,16118,17519,1564640,421283.0,129625586.0
2002-04-08,17897,18166,17385,17573,1483040,422579.0,129625586.0
2002-04-09,17304,17627,16873,16872,750760,405728.0,129625586.0
2002-04-10,17250,17304,16630,17196,986980,413506.0,129625586.0
2002-04-11,17088,18220,16927,17519,2382633,421283.0,129625586.0
2002-04-12,17412,18867,17304,18435,4138410,443320.0,129625586.0
2002-04-15,18759,18867,18059,18408,1847741,442671.0,129625586.0
2002-04-16,18436,20107,18139,19945,5477646,479615.0,129625586.0
2002-04-17,20188,21185,19945,20187,5171436,485448.0,129625586.0
2002-04-18,20188,22802,20053,21454,8012516,515910.0,129625586.0
2002-04-19,22048,22506,21482,21885,5422538,526280.0,129625586.0
2002-04-22,22641,22641,19838,19918,4657210,478967.0,129625586.0
2002-04-23,19676,20269,18948,19783,2221153,475726.0,129625586.0
2002-04-24,19784,20296,19110,19136,2075521,460171.0,129625586.0
2002-04-25,18705,18975,17061,17411,1896420,418691.0,129625586.0
2002-04-26,17520,18193,17358,18193,1289061,437486.0,129625586.0
2002-04-29,17789,17816,17088,17303,1172330,416098.0,129625586.0
2002-04-30,17142,17654,17088,17492,1001622,420635.0,129625586.0
2002-05-02,18166,18274,17789,17842,881151,429061.0,129625586.0
2002-05-03,17681,17843,17250,17573,925699,422579.0,129625586.0
2002-05-06,17331,17708,17142,17250,779830,414802.0,129625586.0
2002-05-07,16711,16980,16361,16710,938337,401839.0,129625586.0
2002-05-08,16927,17142,16711,16710,985014,401839.0,129625586.0
2002-05-09,17304,17466,16495,16710,1438596,401839.0,129625586.0
2002-05-10,16414,16819,16091,16171,1285740,388877.0,129625586.0
2002-05-13,15633,16010,15525,15821,808034,380451.0,129625586.0
2002-05-14,16118,16145,15687,15794,898160,379803.0,129625586.0
2002-05-15,16172,17034,16145,16630,2310782,399895.0,129625586.0
2002-05-16,16468,16657,16199,16225,1113090,390173.0,129625586.0
2002-05-17,16495,16603,16064,16225,1627550,390173.0,129625586.0
2002-05-20,16603,16873,16361,16360,2158476,393414.0,129625586.0
2002-05-21,16361,16441,15902,15902,1352531,382395.0,129625586.0
2002-05-22,16064,16064,15579,15902,727180,382395.0,129625586.0
2002-05-23,15983,16145,15633,15659,1090711,376562.0,129625586.0
2002-05-24,15579,15848,15309,15417,943650,370729.0,129625586.0
2002-05-27,15255,15363,14447,14824,1063617,356470.0,129625586.0
2002-05-28,14582,14824,13962,14339,1130936,344804.0,129625586.0
2002-05-29,13908,14070,13504,13853,1169830,333138.0,129625586.0
2002-05-30,13477,14285,13477,13665,705189,328601.0,129625586.0
2002-05-31,13665,14177,13665,14123,958060,339619.0,129625586.0
2002-06-03,14123,14905,14096,14662,966342,352582.0,129625586.0
2002-06-04,14339,14663,14043,14662,436550,352582.0,129625586.0
2002-06-05,14663,14932,14555,14554,440580,349989.0,129625586.0
2002-06-07,14555,14555,14150,14285,454190,343508.0,129625586.0
2002-06-10,14555,14555,14285,14473,336800,348045.0,129625586.0
2002-06-11,14474,14528,14231,14366,313320,345452.0,129625586.0
2002-06-12,14339,15121,14312,14985,900756,360359.0,129625586.0
2002-06-14,15148,15875,15013,15794,825490,379803.0,129625586.0
2002-06-17,15795,15848,15363,15390,473336,370081.0,129625586.0
2002-06-18,15552,15687,14932,14932,553064,359063.0,129625586.0
2002-06-19,14770,15175,14123,14177,704289,340915.0,129625586.0
2002-06-20,14177,14636,14070,14339,601400,344804.0,129625586.0
2002-06-21,14123,14878,14096,14608,376640,351285.0,129625586.0
2002-06-24,14339,14555,14150,14150,365740,340267.0,129625586.0
2002-06-25,14258,14501,13908,13907,343305,334434.0,129625586.0
2002-06-26,13477,13504,11994,12075,726010,290361.0,129625586.0
2002-06-27,12614,12614,12183,12371,522840,297491.0,129625586.0
2002-06-28,12533,13288,12533,13153,743650,316286.0,129625586.0
2002-07-02,12479,13099,12452,12991,339080,312398.0,129625586.0
2002-07-03,12722,13315,12614,13153,435112,316286.0,129625586.0
2002-07-04,13477,13504,13099,13368,511190,321471.0,129625586.0
2002-07-05,13369,13908,13207,13746,804692,330545.0,129625586.0
2002-07-08,14231,14231,13584,13611,720440,327305.0,129625586.0
2002-07-09,13477,13908,13477,13907,369825,334434.0,129625586.0
2002-07-10,13827,14204,13611,14069,536260,338323.0,129625586.0
2002-07-11,13935,14339,13746,13826,896884,332490.0,129625586.0
2002-07-12,13935,14285,13908,14285,576210,343508.0,129625586.0
2002-07-15,14285,14905,13908,14446,1178513,347397.0,129625586.0
2002-07-16,14393,14663,13584,13692,623580,329249.0,129625586.0
2002-07-18,13692,14285,13692,13853,486530,333138.0,129625586.0
2002-07-19,13530,13530,13099,13314,560480,320175.0,129625586.0
2002-07-22,12479,13045,12479,12560,583530,302028.0,129625586.0
2002-07-23,12183,13072,12183,13072,549780,314342.0,129625586.0
2002-07-24,12533,12776,12452,12506,358130,300731.0,129625586.0
2002-07-25,13180,13180,12533,12533,486970,301379.0,129625586.0
2002-07-26,12425,12722,12210,12398,381178,298139.0,129625586.0
2002-07-29,12884,12938,12425,12479,244130,300083.0,129625586.0
2002-07-30,12938,13126,12776,12937,419090,311101.0,129625586.0
2002-07-31,13099,13099,12749,12748,296990,306565.0,129625586.0
2002-08-01,12668,12938,12560,12587,297000,302676.0,129625586.0
2002-08-02,12452,12506,12237,12506,351538,300731.0,129625586.0
2002-08-05,12371,12560,12129,12182,259160,292954.0,129625586.0
2002-08-06,11859,12291,11859,12155,350402,292306.0,129625586.0
2002-08-07,12237,12479,12183,12236,376320,294250.0,129625586.0
2002-08-08,12291,12506,12156,12182,381310,292954.0,129625586.0
2002-08-09,12506,12668,12291,12290,417180,295546.0,129625586.0
2002-08-12,12345,12560,12291,12506,271650,300731.0,129625586.0
2002-08-13,12668,12668,12452,12614,297340,303324.0,129625586.0
2002-08-14,12452,12587,12425,12560,278186,302028.0,129625586.0
2002-08-16,12749,12991,12668,12721,482031,305916.0,129625586.0
2002-08-19,12695,12911,12560,12667,330820,304620.0,129625586.0
2002-08-20,12830,12964,12722,12748,641221,306565.0,129625586.0
2002-08-21,12641,12803,12587,12802,499170,307861.0,129625586.0
2002-08-22,12938,13207,12749,13099,1014234,314990.0,129625586.0
2002-08-23,13261,13935,13180,13314,1120218,320175.0,129625586.0
2002-08-26,13450,13450,13099,13099,328220,314990.0,129625586.0
2002-08-27,13099,13207,12857,12856,300029,309157.0,129625586.0
2002-08-28,12857,13234,12803,13126,451590,315638.0,129625586.0
2002-08-29,13018,13530,12938,13530,544551,325360.0,129625586.0
2002-08-30,13746,14366,13584,14177,1260390,340915.0,129625586.0
2002-09-02,14231,14393,13989,14366,711278,345452.0,129625586.0
2002-09-03,14070,14447,14070,14150,517000,340267.0,129625586.0
2002-09-04,13962,14096,13692,13961,606330,335730.0,129625586.0
2002-09-05,14070,14285,13962,13961,447020,335730.0,129625586.0
2002-09-06,13504,13854,13423,13476,605130,324064.0,129625586.0
2002-09-09,13584,13638,12560,12641,723560,303972.0,129625586.0
2002-09-10,12641,12830,12641,12829,577770,308509.0,129625586.0
2002-09-11,12938,13342,12911,12964,1043790,311750.0,129625586.0
2002-09-12,13045,13153,12884,13153,843555,316286.0,129625586.0
2002-09-13,12857,12964,12668,12667,688000,304620.0,129625586.0
2002-09-16,12776,12830,12183,12263,898700,294898.0,129625586.0
2002-09-17,12371,12479,12345,12371,1152811,297491.0,129625586.0
2002-09-18,12156,12210,11805,11805,1230730,283880.0,129625586.0
2002-09-19,11698,11913,11590,11643,868599,279991.0,129625586.0
2002-09-23,11644,11644,10781,10781,895690,259251.0,129625586.0
2002-09-24,10673,10835,10673,10781,989130,259251.0,129625586.0
2002-09-25,10512,10646,10107,10188,735827,244992.0,129625586.0
2002-09-26,10296,10431,10107,10161,1509651,244344.0,129625586.0
2002-09-27,10188,10323,10107,10242,749300,246289.0,129625586.0
2002-09-30,9865,9865,9595,9622,687880,231382.0,129625586.0
2002-10-01,9218,9703,9218,9649,717455,232030.0,129625586.0
2002-10-02,9973,10054,9622,9622,850840,231382.0,129625586.0
2002-10-04,9461,9649,9461,9568,633955,230085.0,129625586.0
2002-10-07,9407,9434,9218,9217,654853,221660.0,129625586.0
2002-10-08,9029,10593,9029,9514,2071529,228789.0,129625586.0
2002-10-09,9784,9784,9353,9352,840469,224900.0,129625586.0
2002-10-10,9218,9514,9083,9164,1253340,220363.0,129625586.0
2002-10-11,9488,9541,9083,9164,1047770,220363.0,129625586.0
2002-10-14,9326,9434,9299,9379,2031866,225549.0,129625586.0
2002-10-15,9487,9784,9353,9622,3037690,231382.0,129625586.0
2002-10-16,9811,9838,9326,9325,2325219,224252.0,129625586.0
2002-10-17,9326,10539,9272,9972,4333880,239807.0,129625586.0
2002-10-18,10350,10350,10027,10269,2830194,246937.0,129625586.0
2002-10-21,10269,10835,10080,10269,3912300,246937.0,129625586.0
2002-10-22,10620,10889,10296,10457,3731320,251474.0,129625586.0
2002-10-23,10458,10646,10296,10457,1726040,251474.0,129625586.0
2002-10-24,10620,10620,10054,10053,1928930,241752.0,129625586.0
2002-10-25,9892,10161,9892,10107,931300,243048.0,129625586.0
2002-10-28,10134,10404,10134,10403,1226557,250177.0,129625586.0
2002-10-29,10269,10997,10242,10619,4326690,255362.0,129625586.0
2002-10-30,10781,10781,10161,10323,1089700,248233.0,129625586.0
2002-10-31,10458,10512,10134,10188,825690,244992.0,129625586.0
2002-11-01,10107,10269,9973,10080,586353,242400.0,129625586.0
2002-11-04,10161,10323,10161,10296,853241,247585.0,129625586.0
2002-11-05,10296,10431,10054,10134,586757,243696.0,129625586.0
2002-11-06,10188,10323,10188,10215,759757,245640.0,129625586.0
2002-11-07,10296,10485,10188,10188,1367350,244992.0,129625586.0
2002-11-08,10080,10080,9865,9945,913427,239159.0,129625586.0
2002-11-11,9919,9919,9595,9595,730160,230734.0,129625586.0
2002-11-12,9380,9541,9380,9433,600920,226845.0,129625586.0
2002-11-13,9488,9595,9353,9379,511870,225549.0,129625586.0
2002-11-14,9487,9595,9434,9514,558639,228789.0,129625586.0
2002-11-15,9649,9703,9595,9649,676450,232030.0,129625586.0
2002-11-18,9703,9703,9514,9514,452770,228789.0,129625586.0
2002-11-19,9514,9676,9434,9622,545130,231382.0,129625586.0
2002-11-20,9487,9784,9487,9730,505980,233974.0,129625586.0
2002-11-21,9865,10134,9811,10080,1131260,242400.0,129625586.0
2002-11-22,10269,10404,9973,10026,908900,241104.0,129625586.0
2002-11-25,10054,10269,10054,10188,717904,244992.0,129625586.0
2002-11-26,10350,10350,10107,10242,833450,246289.0,129625586.0
2002-11-27,10134,10377,10054,10376,557542,249529.0,129625586.0
2002-11-28,10566,10862,10431,10484,2380185,252122.0,129625586.0
2002-11-29,10539,10566,10242,10484,882568,252122.0,129625586.0
2002-12-02,10512,10539,10350,10511,777747,252770.0,129625586.0
2002-12-03,10431,10835,10431,10646,1556701,256011.0,129625586.0
2002-12-04,10539,10593,10242,10242,1054560,246289.0,129625586.0
2002-12-05,10080,10296,10080,10296,1034810,247585.0,129625586.0
2002-12-06,10188,10296,10054,10107,1027486,243048.0,129625586.0
2002-12-09,10027,10215,10027,10053,1159140,241752.0,129625586.0
2002-12-10,9919,10027,9865,9972,603670,239807.0,129625586.0
2002-12-11,10027,10107,9892,9891,849969,237863.0,129625586.0
2002-12-12,9865,10054,9865,9999,913551,240455.0,129625586.0
2002-12-13,10539,11482,10404,10619,14869866,255362.0,129625586.0
2002-12-16,10269,10512,9811,9891,3379400,237863.0,129625586.0
2002-12-17,10134,10161,9541,9676,3724094,232678.0,129625586.0
2002-12-18,9541,9676,9461,9487,2272340,228141.0,129625586.0
2002-12-20,9299,9407,9056,9083,2273780,218419.0,129625586.0
2002-12-23,8948,9110,8355,8490,2880847,204160.0,129625586.0
2002-12-24,8194,8571,8167,8274,1205035,198975.0,129625586.0
2002-12-26,8140,8302,7951,8085,1360870,194438.0,129625586.0
2002-12-27,7843,8059,7843,7951,830047,191198.0,129625586.0
2002-12-30,7763,7924,7250,7546,1078713,181476.0,129625586.0
2003-01-02,7601,7924,7547,7762,937670,186661.0,129625586.0
2003-01-03,8086,8248,8005,8193,1228712,197031.0,129625586.0
2003-01-06,8355,8382,8086,8166,854945,196383.0,129625586.0
2003-01-07,8275,8329,7870,7951,938870,191198.0,129625586.0
2003-01-08,8167,8436,8032,8409,1979350,202216.0,129625586.0
2003-01-09,8302,8329,8140,8139,1051151,195735.0,129625586.0
2003-01-10,8302,8355,7682,7951,1533050,191198.0,129625586.0
2003-01-13,7816,8194,7789,8193,984700,197031.0,129625586.0
2003-01-14,8248,8248,8059,8193,674870,197031.0,129625586.0
2003-01-15,8248,8814,8194,8544,4118690,205457.0,129625586.0
2003-01-16,8625,9514,8544,9514,6968860,228789.0,129625586.0
2003-01-17,9488,9488,8975,9002,2507010,216475.0,129625586.0
2003-01-20,8895,10242,8868,9864,8765887,237215.0,129625586.0
2003-01-21,10080,10107,9784,9918,3857174,238511.0,129625586.0
2003-01-22,9973,9973,9245,9352,2525417,224900.0,129625586.0
2003-01-23,9380,9757,9326,9460,2239910,227493.0,129625586.0
2003-01-24,9407,9595,9056,9191,1696850,221012.0,129625586.0
2003-01-27,8841,9407,8841,9217,1724430,221660.0,129625586.0
2003-01-28,9218,9676,9218,9460,2095539,227493.0,129625586.0
2003-01-29,9595,9676,9191,9191,1218150,221012.0,129625586.0
2003-01-30,9299,9622,9191,9568,1968947,230085.0,129625586.0
2003-02-03,9568,10000,9541,9864,2984234,237215.0,129625586.0
2003-02-04,9919,9919,9595,9649,2210522,232030.0,129625586.0
2003-02-05,9514,9703,9407,9406,1485949,226197.0,129625586.0
2003-02-06,9434,9488,9164,9164,1781493,220363.0,129625586.0
2003-02-07,9164,9326,9029,9244,1559040,222308.0,129625586.0
2003-02-10,9164,9380,9164,9217,1159300,221660.0,129625586.0
2003-02-11,9353,9541,8733,9217,2683813,221660.0,129625586.0
2003-02-12,9245,9353,9056,9110,1312033,219067.0,129625586.0
2003-02-13,9164,9245,8975,9002,1708801,216475.0,129625586.0
2003-02-14,9056,9703,9056,9703,3917157,233326.0,129625586.0
2003-02-17,9919,10000,9676,9918,3746151,238511.0,129625586.0
2003-02-18,9919,9919,9568,9730,1604946,233974.0,129625586.0
2003-02-19,9892,9892,9461,9460,2127023,227493.0,129625586.0
2003-02-20,9407,9514,9164,9298,1864032,223604.0,129625586.0
2003-02-21,9218,9272,9110,9191,1167874,221012.0,129625586.0
2003-02-24,9218,9326,9218,9244,1469712,222308.0,129625586.0
2003-02-25,9110,9218,8706,8732,1734470,209993.0,129625586.0
2003-02-26,8841,8921,8625,8651,1635110,208049.0,129625586.0
2003-02-27,8571,8895,8409,8651,2338300,208049.0,129625586.0
2003-02-28,8544,8679,8355,8355,1590600,200920.0,129625586.0
2003-03-03,8275,8436,8194,8382,1505461,201568.0,129625586.0
2003-03-04,8221,8302,8113,8274,1080550,198975.0,129625586.0
2003-03-05,7978,8140,7924,7951,897550,191198.0,129625586.0
2003-03-06,7951,8086,7763,7762,811210,186661.0,129625586.0
2003-03-07,7547,7628,7385,7439,1352310,178883.0,129625586.0
2003-03-10,7331,7466,6981,7304,1378740,175643.0,129625586.0
2003-03-11,7089,7089,6684,6738,1406658,162032.0,129625586.0
2003-03-12,6630,6981,6469,6765,1362770,162680.0,129625586.0
2003-03-13,6792,6900,6038,6226,2039880,149718.0,129625586.0
2003-03-14,6577,6684,6361,6360,2402650,152958.0,129625586.0
2003-03-17,6280,6307,5876,5902,1421000,141940.0,129625586.0
2003-03-18,6199,6496,6145,6333,1602601,152310.0,129625586.0
2003-03-19,6334,6630,6334,6522,1430560,156847.0,129625586.0
2003-03-20,6657,7250,6630,7223,3073814,173698.0,129625586.0
2003-03-21,7331,7466,7062,7385,2360542,177587.0,129625586.0
2003-03-24,7547,7574,7116,7277,2163600,174995.0,129625586.0
2003-03-25,6846,6981,6792,6792,1191570,163328.0,129625586.0
2003-03-26,6954,7035,6792,6900,2309244,165921.0,129625586.0
2003-03-27,6900,6900,6900,6900,0,165921.0,129625586.0
2003-03-28,6900,6900,6900,6900,0,,
2003-03-31,6900,6900,6900,6900,0,,
2003-04-01,6900,6900,6900,6900,0,,
2003-04-02,6900,6900,6900,6900,0,,
2003-04-03,6900,6900,6900,6900,0,,
2003-04-04,6900,6900,6900,6900,0,,
2003-04-07,6900,6900,6900,6900,0,,
2003-04-08,6900,6900,6900,6900,0,,
2003-04-09,6900,6900,6900,6900,0,,
2003-04-10,6900,6900,6900,6900,0,,
2003-04-11,6900,6900,6900,6900,0,,
2003-04-14,6900,6900,6900,6900,0,,
2003-04-15,6900,6900,6900,6900,0,,
2003-04-16,6900,7090,5950,5960,3801788,178800.0,30000000.0
2003-04-17,6000,6110,5470,5530,2120920,165900.0,30000000.0
2003-04-18,5650,5850,5050,5200,2261389,156000.0,30000000.0
2003-04-21,4965,5170,4920,5140,1583721,154200.0,30000000.0
2003-04-22,5100,5300,5070,5110,1011409,153300.0,30000000.0
2003-04-23,5110,5190,4370,4370,2303692,131100.0,30000000.0
2003-04-24,4400,4470,4215,4340,1176446,130200.0,30000000.0
2003-04-25,4215,4280,3770,3780,1205247,113400.0,30000000.0
2003-04-28,3460,3850,3460,3625,851301,108750.0,30000000.0
2003-04-29,3740,4030,3725,3870,1880096,116100.0,30000000.0
2003-04-30,3845,3900,3685,3690,790365,110700.0,30000000.0
2003-05-02,3735,3885,3665,3800,816828,114000.0,30000000.0
2003-05-06,3870,3930,3825,3830,588267,114900.0,30000000.0
2003-05-07,3850,3890,3815,3860,456780,115800.0,30000000.0
2003-05-09,3855,3950,3770,3950,488598,118500.0,30000000.0
2003-05-12,4070,4110,3990,4005,901511,120150.0,30000000.0
2003-05-13,4035,4035,3810,3810,576214,114300.0,30000000.0
2003-05-14,3770,3920,3770,3835,472247,115050.0,30000000.0
2003-05-15,3870,3910,3830,3840,455694,115200.0,30000000.0
2003-05-16,3830,3850,3730,3740,384124,112200.0,30000000.0
2003-05-19,3680,3705,3550,3550,351930,106500.0,30000000.0
2003-05-20,3450,3515,3440,3500,292799,105000.0,30000000.0
2003-05-21,3505,3570,3500,3500,233994,105000.0,30000000.0
2003-05-22,3490,3740,3490,3530,696480,105900.0,30000000.0
2003-05-23,3570,3665,3550,3570,339850,107100.0,30000000.0
2003-05-26,3590,3665,3590,3600,274628,108000.0,30000000.0
2003-05-27,3610,3635,3505,3550,278398,106500.0,30000000.0
2003-05-28,3600,3685,3580,3685,596781,110550.0,30000000.0
2003-05-29,3685,4160,3670,3990,1820630,119700.0,30000000.0
2003-05-30,4100,4585,4015,4585,2697764,137550.0,30000000.0
2003-06-02,4800,5270,4700,5270,4034287,158100.0,30000000.0
2003-06-03,5550,6060,5500,6060,3823754,181800.0,30000000.0
2003-06-04,6400,6470,5410,6100,5218021,183000.0,30000000.0
2003-06-05,6100,6180,5630,5630,1071766,168900.0,30000000.0
2003-06-09,5530,5980,5520,5960,1553315,178800.0,30000000.0
2003-06-10,5900,5950,5710,5750,578654,172500.0,30000000.0
2003-06-11,5800,5820,5450,5450,697276,163500.0,30000000.0
2003-06-12,5580,5700,5420,5460,725964,163800.0,30000000.0
2003-06-13,5550,5600,5430,5600,637953,168000.0,30000000.0
2003-06-16,5600,6440,5590,6160,3466232,184800.0,30000000.0
2003-06-17,6350,6350,6010,6110,1312003,183300.0,30000000.0
2003-06-18,6150,6830,6130,6290,2081422,188700.0,30000000.0
2003-06-19,6400,6460,6160,6270,942445,188100.0,30000000.0
2003-06-20,6090,6180,5930,5940,659440,178200.0,30000000.0
2003-06-23,5800,6000,5600,5660,496236,169800.0,30000000.0
2003-06-24,5500,5720,5420,5720,415265,171600.0,30000000.0
2003-06-25,5720,5910,5660,5660,447810,169800.0,30000000.0
2003-06-26,5520,5620,5440,5500,478590,165000.0,30000000.0
2003-06-27,5630,5640,5440,5480,393345,164400.0,30000000.0
2003-06-30,5420,5850,5400,5580,570118,167400.0,30000000.0
2003-07-01,5470,5730,5470,5620,277645,168600.0,30000000.0
2003-07-02,5700,6050,5670,6050,1133230,181500.0,30000000.0
2003-07-03,6300,6300,5800,5810,675509,174300.0,30000000.0
2003-07-04,5830,5900,5680,5710,283242,171300.0,30000000.0
2003-07-07,5700,5950,5680,5880,627425,176400.0,30000000.0
2003-07-08,6050,6070,5790,5800,448096,174000.0,30000000.0
2003-07-09,5760,5890,5610,5640,354044,169200.0,30000000.0
2003-07-10,5640,5750,5600,5630,271857,168900.0,30000000.0
2003-07-11,5600,5620,5520,5560,181850,166800.0,30000000.0
2003-07-14,5550,5640,5510,5560,232990,166800.0,30000000.0
2003-07-15,5570,5600,5400,5410,399815,162300.0,30000000.0
2003-07-16,5450,5550,5370,5430,333320,162900.0,30000000.0
2003-07-18,5380,5600,5350,5440,375733,163200.0,30000000.0
2003-07-21,5420,5500,5370,5400,220895,162000.0,30000000.0
2003-07-22,5420,5620,5400,5600,376102,168000.0,30000000.0
2003-07-23,5680,5680,5450,5530,243354,165900.0,30000000.0
2003-07-24,5500,5630,5460,5460,178850,163800.0,30000000.0
2003-07-25,5400,5520,5380,5420,249506,162600.0,30000000.0
2003-07-28,5480,5500,5400,5410,182736,162300.0,30000000.0
2003-07-29,5400,5800,5380,5760,393884,172800.0,30000000.0
2003-07-30,5680,5840,5670,5740,431595,172200.0,30000000.0
2003-07-31,5790,6070,5720,6070,1279823,182100.0,30000000.0
2003-08-01,6120,6280,5860,5900,814981,177000.0,30000000.0
2003-08-04,5940,6190,5760,6190,873994,185700.0,30000000.0
2003-08-05,6190,6380,6060,6210,1097308,186300.0,30000000.0
2003-08-06,6190,6540,6100,6530,1520780,195900.0,30000000.0
2003-08-07,6600,6830,6580,6770,1505570,203100.0,30000000.0
2003-08-08,6600,7050,6600,6750,1082940,202500.0,30000000.0
2003-08-11,6650,6690,6340,6360,668581,190800.0,30000000.0
2003-08-12,6420,6930,6280,6880,740725,206400.0,30000000.0
2003-08-13,6950,7550,6810,7000,2118187,210000.0,30000000.0
2003-08-14,7350,8050,7220,8050,1486326,241500.0,30000000.0
2003-08-18,9000,9250,8800,9250,1267993,277500.0,30000000.0
2003-08-19,9900,9900,8420,8460,3215563,253800.0,30000000.0
2003-08-20,8590,8870,8140,8620,1306614,258600.0,30000000.0
2003-08-21,8850,9200,8480,8600,1467017,258000.0,30000000.0
2003-08-22,8530,8740,8100,8350,820169,250500.0,30000000.0
2003-08-25,8180,8460,8180,8340,321954,250200.0,30000000.0
2003-08-26,8300,8830,8250,8800,982015,264000.0,30000000.0
2003-08-27,8800,9030,8460,8490,898431,254700.0,30000000.0
2003-08-28,8680,8910,8340,8450,661596,253500.0,30000000.0
2003-08-29,8450,8540,8180,8220,406601,246600.0,30000000.0
2003-09-01,8240,8500,8060,8500,431604,255000.0,30000000.0
2003-09-02,8530,8580,8130,8190,871397,245700.0,30000000.0
2003-09-03,8430,9090,8410,8520,2281260,255600.0,30000000.0
2003-09-04,8680,8680,8310,8410,547278,252300.0,30000000.0
2003-09-05,8350,8500,8220,8260,350465,247800.0,30000000.0
2003-09-08,8100,8300,8100,8160,315746,244800.0,30000000.0
2003-09-09,8160,8250,8120,8160,323224,244800.0,30000000.0
2003-09-15,8060,8260,8060,8250,282257,247500.0,30000000.0
2003-09-16,8120,8220,8120,8170,226877,245100.0,30000000.0
2003-09-17,8230,8300,8150,8170,183704,245100.0,30000000.0
2003-09-18,8100,8220,7760,7850,209828,235500.0,30000000.0
2003-09-19,7850,7900,7450,7450,399267,223500.0,30000000.0
2003-09-22,7260,7340,6850,7010,254650,210300.0,30000000.0
2003-09-23,6880,6970,6400,6860,369867,205800.0,30000000.0
2003-09-24,6840,7320,6840,7200,312136,216000.0,30000000.0
2003-09-25,6950,7350,6810,7330,225550,219900.0,30000000.0
2003-09-26,7330,7770,7210,7600,334316,228000.0,30000000.0
2003-09-29,7640,7700,7350,7520,138299,225600.0,30000000.0
2003-09-30,7600,7660,7410,7430,184508,222900.0,30000000.0
2003-10-01,7490,7800,7480,7800,400696,234000.0,30000000.0
2003-10-02,8000,8070,7800,7900,194007,237000.0,30000000.0
2003-10-06,7940,8120,7890,8000,306897,240000.0,30000000.0
2003-10-07,8000,8160,7960,8150,229827,244500.0,30000000.0
2003-10-08,8150,8220,8000,8000,122439,240000.0,30000000.0
2003-10-09,8000,8160,7860,8130,192925,243900.0,30000000.0
2003-10-10,8100,8370,8010,8300,203393,249000.0,30000000.0
2003-10-13,8200,8330,8100,8250,136812,247500.0,30000000.0
2003-10-14,8450,8530,8260,8450,195779,253500.0,30000000.0
2003-10-15,8400,8600,8330,8450,111980,253500.0,30000000.0
2003-10-16,8450,8820,8360,8820,374739,264600.0,30000000.0
2003-10-17,8870,9240,8730,8920,405200,267600.0,30000000.0
2003-10-20,8780,8990,8780,8970,140489,269100.0,30000000.0
2003-10-21,8970,10300,8970,9900,2039047,297000.0,30000000.0
2003-10-22,10000,10050,9500,9800,733433,294000.0,30000000.0
2003-10-23,9510,9750,9030,9150,557666,274500.0,30000000.0
2003-10-24,9000,9340,8860,9000,291465,270000.0,30000000.0
2003-10-27,8960,9260,8960,9160,244146,274800.0,30000000.0
2003-10-28,9200,9660,9200,9360,528449,280800.0,30000000.0
2003-10-29,9710,9900,9420,9550,531190,286500.0,30000000.0
2003-10-30,9600,9990,9560,9830,497123,294900.0,30000000.0
2003-10-31,9970,9970,9680,9720,219159,291600.0,30000000.0
2003-11-03,9610,10450,9600,10450,498607,313500.0,30000000.0
2003-11-04,10500,11200,10300,11000,1144878,330000.0,30000000.0
2003-11-05,11200,11350,10700,10900,738941,327000.0,30000000.0
2003-11-06,11300,12500,11250,12100,2306926,363000.0,30000000.0
2003-11-07,12400,13800,11850,13550,1573340,406500.0,30000000.0
2003-11-10,13150,14100,12850,13800,857100,414000.0,30000000.0
2003-11-11,13550,13600,11900,12000,1822713,360000.0,30000000.0
2003-11-12,11850,12600,11300,12100,907482,363000.0,30000000.0
2003-11-13,12400,12550,11850,12150,876041,364500.0,30000000.0
2003-11-14,11950,13500,11950,13500,1072869,405000.0,30000000.0
2003-11-17,13300,13650,12900,13500,394552,405000.0,30000000.0
2003-11-18,13350,14300,13150,14000,733756,420000.0,30000000.0
2003-11-19,13500,13500,12500,12950,516550,388500.0,30000000.0
2003-11-20,12600,13000,11950,12750,698317,382500.0,30000000.0
2003-11-21,12800,13050,12200,12800,372830,384000.0,30000000.0
2003-11-24,12200,12500,10900,10900,548128,327000.0,30000000.0
2003-11-25,11100,11650,11100,11650,395934,349500.0,30000000.0
2003-11-26,11850,12400,11600,12400,308812,372000.0,30000000.0
2003-11-27,12350,13300,12000,12500,627572,375000.0,30000000.0
2003-11-28,12800,12850,12500,12800,213380,384000.0,30000000.0
2003-12-01,12850,13100,12550,12800,273060,384000.0,30000000.0
2003-12-02,13050,13200,12600,12750,292920,382500.0,30000000.0
2003-12-03,12700,13000,12150,12200,281061,366000.0,30000000.0
2003-12-04,12050,12300,11650,11900,291021,357000.0,30000000.0
2003-12-05,11700,11950,11450,11550,177652,346500.0,30000000.0
2003-12-08,11200,12100,11100,11900,320411,357000.0,30000000.0
2003-12-09,12000,12050,11700,11950,243730,358500.0,30000000.0
2003-12-10,11550,12100,11500,12000,302633,360000.0,30000000.0
2003-12-11,12100,12100,11500,11500,269909,345000.0,30000000.0
2003-12-12,11800,12100,11700,11800,14017049,354000.0,30000000.0
2003-12-15,12000,12450,11650,11850,448932,355500.0,30000000.0
2003-12-16,11600,11650,11300,11450,349670,343500.0,30000000.0
2003-12-17,11400,11500,10900,11100,363789,333000.0,30000000.0
2003-12-18,10900,11450,10700,11100,251300,333000.0,30000000.0
2003-12-19,11250,11350,10800,10800,183720,324000.0,30000000.0
2003-12-22,10600,11050,10600,10700,162761,321000.0,30000000.0
2003-12-23,10750,11000,10400,10600,267990,318000.0,30000000.0
2003-12-24,10500,10900,10500,10850,230070,325500.0,30000000.0
2003-12-26,10700,11800,10600,11750,569530,352500.0,30000000.0
2003-12-29,11300,12300,11300,12150,502011,364500.0,30000000.0
2003-12-30,12400,12400,11950,12250,187966,367500.0,30000000.0
2004-01-02,12150,12800,12100,12550,252125,376500.0,30000000.0
2004-01-05,12450,12600,12250,12300,205778,369000.0,30000000.0
2004-01-06,12300,12600,11900,12500,155345,375000.0,30000000.0
2004-01-07,12300,13050,12300,12950,268740,388500.0,30000000.0
2004-01-08,12800,13100,12750,12850,201890,385500.0,30000000.0
2004-01-09,12850,13100,12650,12850,172858,385500.0,30000000.0
2004-01-12,12700,13100,12600,12800,317390,384000.0,30000000.0
2004-01-13,12700,12800,12200,12700,141430,381000.0,30000000.0
2004-01-14,12200,12700,12200,12300,292900,369000.0,30000000.0
2004-01-15,12350,12700,12300,12600,233940,378000.0,30000000.0
2004-01-16,12500,12800,11600,12500,323400,375000.0,30000000.0
2004-01-19,12500,13300,12500,13200,322859,396000.0,30000000.0
2004-01-20,13200,14000,13100,13800,424611,414000.0,30000000.0
2004-01-26,13800,14100,13550,14100,284820,423000.0,30000000.0
2004-01-27,14000,14250,13800,14000,263841,420000.0,30000000.0
2004-01-28,13650,14250,13650,14050,197774,421500.0,30000000.0
2004-01-29,14000,14900,13900,14900,521566,447000.0,30000000.0
2004-01-30,15000,15450,14550,14950,299301,448500.0,30000000.0
2004-02-02,15100,15150,14600,15150,186111,454500.0,30000000.0
2004-02-03,14950,15300,14500,14750,211321,442500.0,30000000.0
2004-02-04,14550,15650,14550,15650,327190,469500.0,30000000.0
2004-02-05,15700,15950,15200,15950,204958,478500.0,30000000.0
2004-02-06,16200,16200,15700,15750,172871,472500.0,30000000.0
2004-02-09,15800,16000,15600,15600,100880,468000.0,30000000.0
2004-02-10,15500,15600,15100,15500,155626,465000.0,30000000.0
2004-02-11,15500,16450,15500,16450,319401,493500.0,30000000.0
2004-02-12,16450,17100,16300,16900,335176,507000.0,30000000.0
2004-02-13,16900,16900,15800,15800,301076,474000.0,30000000.0
2004-02-16,15800,15800,15050,15450,337983,463500.0,30000000.0
2004-02-17,15500,16000,15400,15400,194840,462000.0,30000000.0
2004-02-18,15400,15900,15300,15850,186750,475500.0,30000000.0
2004-02-19,16000,16000,15600,15850,131900,475500.0,30000000.0
2004-02-20,15450,15700,15450,15600,90735,468000.0,30000000.0
2004-02-23,15700,15850,15500,15550,97040,466500.0,30000000.0
2004-02-24,15700,16100,15500,15550,149860,466500.0,30000000.0
2004-02-25,15600,15850,15500,15700,116060,471000.0,30000000.0
2004-02-26,15850,15950,15200,15600,134710,468000.0,30000000.0
2004-02-27,15750,15850,15250,15850,101583,475500.0,30000000.0
2004-03-02,15650,16000,15450,15450,92890,463500.0,30000000.0
2004-03-03,15450,15500,14750,14750,203947,442500.0,30000000.0
2004-03-04,14850,15150,14600,14800,192600,444000.0,30000000.0
2004-03-05,14800,15250,14250,15250,357330,457500.0,30000000.0
2004-03-08,15150,15300,14500,15000,291932,450000.0,30000000.0
2004-03-09,15000,15250,14800,15100,105070,453000.0,30000000.0
2004-03-10,15150,15150,14700,15050,95770,451500.0,30000000.0
2004-03-11,15000,15050,14500,14750,164950,442500.0,30000000.0
2004-03-12,14500,14650,13850,14350,202617,430500.0,30000000.0
2004-03-15,14450,14750,14300,14400,72080,432000.0,30000000.0
2004-03-16,14400,14400,14100,14400,67437,432000.0,30000000.0
2004-03-17,14500,15200,14300,15200,186967,456000.0,30000000.0
2004-03-18,15300,15400,14900,15350,109480,460500.0,30000000.0
2004-03-19,15350,15650,15050,15500,197429,465000.0,30000000.0
2004-03-22,15600,16100,15450,15600,315251,468000.0,30000000.0
2004-03-23,15700,16050,15500,16000,248990,480000.0,30000000.0
2004-03-24,16000,16300,15900,16300,856010,489000.0,30000000.0
2004-03-25,16400,16450,16200,16200,189310,486000.0,30000000.0
2004-03-26,16100,17050,16100,17000,331190,510000.0,30000000.0
2004-03-29,17000,17750,17000,17650,607842,529500.0,30000000.0
2004-03-30,17700,17950,17600,17700,493917,531000.0,30000000.0
2004-03-31,18450,18900,18000,18800,633795,564000.0,30000000.0
2004-04-01,18600,19000,18450,18950,463381,568500.0,30000000.0
2004-04-02,18950,20300,18700,19600,592419,588000.0,30000000.0
2004-04-06,20200,21200,20200,20650,657197,619500.0,30000000.0
2004-04-07,21000,21000,19700,20000,362156,600000.0,30000000.0
2004-04-08,19900,20450,19600,20100,267782,603000.0,30000000.0
2004-04-09,19850,19950,19500,19700,138080,591000.0,30000000.0
2004-04-12,19450,20350,19450,19800,294520,594000.0,30000000.0
2004-04-13,19900,20150,19200,19400,165852,582000.0,30000000.0
2004-04-14,19200,19700,19000,19500,147396,585000.0,30000000.0
2004-04-16,19400,19450,19050,19400,125230,582000.0,30000000.0
2004-04-19,19150,19800,18950,19800,190391,594000.0,30000000.0
2004-04-20,19900,21200,19850,21000,293490,630000.0,30000000.0
2004-04-21,20700,21250,20100,20600,171772,618000.0,30000000.0
2004-04-22,20450,20700,19850,19950,196334,598500.0,30000000.0
2004-04-23,20100,20350,19200,19400,347551,582000.0,30000000.0
2004-04-26,19450,19450,18400,18650,290710,559500.0,30000000.0
2004-04-27,18500,18800,18250,18600,247911,558000.0,30000000.0
2004-04-28,19100,19300,18400,18400,349442,552000.0,30000000.0
2004-04-29,18100,18600,17600,17650,289060,529500.0,30000000.0
2004-04-30,17150,17400,16650,16900,502625,507000.0,30000000.0
2004-05-03,17150,18350,17100,18350,250322,550500.0,30000000.0
2004-05-04,18550,19100,18350,18750,213736,562500.0,30000000.0
2004-05-06,19000,19000,17000,17800,181142,534000.0,30000000.0
2004-05-07,17450,17950,16750,17600,190360,528000.0,30000000.0
2004-05-10,17400,17400,15950,16300,249540,489000.0,30000000.0
2004-05-11,15750,17000,15350,16300,130506,489000.0,30000000.0
2004-05-12,16650,17600,16650,17450,486450,523500.0,30000000.0
2004-05-13,17400,17500,16800,17000,158510,510000.0,30000000.0
2004-05-14,17100,17400,16250,17000,206192,510000.0,30000000.0
2004-05-17,16900,17100,15400,16000,144400,480000.0,30000000.0
2004-05-18,15600,16200,15300,16000,186730,480000.0,30000000.0
2004-05-19,16200,17000,16000,16700,159305,501000.0,30000000.0
2004-05-20,16350,16500,15550,16100,133123,483000.0,30000000.0
2004-05-21,16100,16900,15800,16900,96440,507000.0,30000000.0
2004-05-24,17150,17200,16800,17000,143078,510000.0,30000000.0
2004-05-25,17100,17100,16200,16400,76080,492000.0,30000000.0
2004-05-27,16900,17250,16200,16350,236604,490500.0,30000000.0
2004-05-28,16500,16650,15950,16050,172777,481500.0,30000000.0
2004-05-31,16700,16850,16050,16100,210001,483000.0,30000000.0
2004-06-01,16200,17450,16200,17300,305560,519000.0,30000000.0
2004-06-02,17000,17800,16650,17650,280740,529500.0,30000000.0
2004-06-03,17800,17950,16600,17300,208838,519000.0,30000000.0
2004-06-04,17500,17500,17000,17000,96630,510000.0,30000000.0
2004-06-07,16950,17450,16850,17450,175942,523500.0,30000000.0
2004-06-08,17700,18150,17250,17250,237800,517500.0,30000000.0
2004-06-09,17300,17700,17150,17150,95691,514500.0,30000000.0
2004-06-10,17000,17150,16600,16650,193268,499500.0,30000000.0
2004-06-11,16850,16900,15250,15350,308467,460500.0,30000000.0
2004-06-14,14850,15200,13200,13500,658069,405000.0,30000000.0
2004-06-15,13750,14100,13400,14100,472600,423000.0,30000000.0
2004-06-16,14000,14600,14000,14350,261562,430500.0,30000000.0
2004-06-17,14200,14400,13650,14300,142680,429000.0,30000000.0
2004-06-18,14000,14100,13650,13650,151828,409500.0,30000000.0
2004-06-21,13550,14050,13000,13000,207164,390000.0,30000000.0
2004-06-22,13000,13450,12700,13150,206550,394500.0,30000000.0
2004-06-23,13150,13500,12950,13000,113450,390000.0,30000000.0
2004-06-24,13200,13500,13000,13500,144630,405000.0,30000000.0
2004-06-25,13350,14150,13300,14100,194160,423000.0,30000000.0
2004-06-28,14400,14900,14350,14500,150182,435000.0,30000000.0
2004-06-29,14650,14900,14300,14750,60650,442500.0,30000000.0
2004-06-30,14800,15000,14750,15000,73000,450000.0,30000000.0
2004-07-01,15000,15550,14900,15000,164844,450000.0,30000000.0
2004-07-02,14650,15100,14400,14850,113720,445500.0,30000000.0
2004-07-05,15150,15300,14850,15300,187870,459000.0,30000000.0
2004-07-06,15300,15550,14800,15000,77197,450000.0,30000000.0
2004-07-07,14500,15150,14500,15100,203030,453000.0,30000000.0
2004-07-08,15400,15400,14950,15100,145430,453000.0,30000000.0
2004-07-09,15350,15350,14850,14950,111230,448500.0,30000000.0
2004-07-12,14950,15250,14700,14700,55970,441000.0,30000000.0
2004-07-13,15000,15000,14650,14750,61780,442500.0,30000000.0
2004-07-14,14650,14800,14600,14700,61940,441000.0,30000000.0
2004-07-15,14550,14800,14150,14550,37370,436500.0,30000000.0
2004-07-16,14700,14850,13900,14850,153180,445500.0,30000000.0
2004-07-19,14700,15350,14700,15350,134770,460500.0,30000000.0
2004-07-20,15100,15750,15100,15350,380600,460500.0,30000000.0
2004-07-21,15800,15900,15200,15300,185526,459000.0,30000000.0
2004-07-22,14900,15000,14550,14650,155226,439500.0,30000000.0
2004-07-23,14800,14800,14250,14300,162890,429000.0,30000000.0
2004-07-26,13900,14400,13900,14150,63976,424500.0,30000000.0
2004-07-27,14100,14300,14050,14150,54183,424500.0,30000000.0
2004-07-28,14300,14450,14200,14300,61930,429000.0,30000000.0
2004-07-29,14050,14500,13850,14400,88747,432000.0,30000000.0
2004-07-30,14400,14650,14200,14600,85740,438000.0,30000000.0
2004-08-02,14200,14500,14050,14050,60680,421500.0,30000000.0
2004-08-03,14300,14300,14050,14100,85970,423000.0,30000000.0
2004-08-04,13900,14100,13750,14000,108122,420000.0,30000000.0
2004-08-05,14300,14600,14050,14450,93280,433500.0,30000000.0
2004-08-06,14350,14600,14050,14600,48750,438000.0,30000000.0
2004-08-09,14550,15100,14200,15000,155407,450000.0,30000000.0
2004-08-10,14700,15200,14650,15100,60330,453000.0,30000000.0
2004-08-11,14900,15100,14700,14800,130100,444000.0,30000000.0
2004-08-12,14950,14950,14700,14900,117341,447000.0,30000000.0
2004-08-13,14800,15400,14650,14800,270501,444000.0,30000000.0
2004-08-16,15000,15100,14700,14900,210054,447000.0,30000000.0
2004-08-17,15050,15400,15050,15400,165474,462000.0,30000000.0
2004-08-18,15550,16000,15450,15650,214456,469500.0,30000000.0
2004-08-19,15750,16050,15550,15850,257074,475500.0,30000000.0
2004-08-20,15700,16350,15700,16300,281343,489000.0,30000000.0
2004-08-23,16450,16650,16100,16100,96697,483000.0,30000000.0
2004-08-24,16100,16150,15700,15850,115874,475500.0,30000000.0
2004-08-25,15950,16500,15850,16500,123740,495000.0,30000000.0
2004-08-26,16500,16600,16300,16400,180440,492000.0,30000000.0
2004-08-27,16250,16650,16200,16650,106422,499500.0,30000000.0
2004-08-30,16450,16650,16100,16300,99400,489000.0,30000000.0
2004-08-31,16100,16450,16100,16400,93408,492000.0,30000000.0
2004-09-01,16500,17000,16300,17000,161277,510000.0,30000000.0
2004-09-02,16800,17150,16650,16950,180455,508500.0,30000000.0
2004-09-03,17100,17800,17000,17300,346240,519000.0,30000000.0
2004-09-06,17300,17450,17200,17350,120187,520500.0,30000000.0
2004-09-07,17350,17400,16800,16900,112782,507000.0,30000000.0
2004-09-08,16850,17200,16400,16600,104300,498000.0,30000000.0
2004-09-09,16450,16700,15950,16150,316111,484500.0,30000000.0
2004-09-10,16050,16250,15750,16200,417430,486000.0,30000000.0
2004-09-13,16300,16500,15750,16200,302106,486000.0,30000000.0
2004-09-14,16300,16550,15950,16250,382099,487500.0,30000000.0
2004-09-15,16300,16300,15750,16050,311050,481500.0,30000000.0
2004-09-16,15750,16900,15750,16550,1540104,496500.0,30000000.0
2004-09-17,16700,17150,16550,17000,453820,510000.0,30000000.0
2004-09-20,17000,17300,16750,16900,266525,507000.0,30000000.0
2004-09-21,17100,17150,16650,16650,225963,499500.0,30000000.0
2004-09-22,16800,16850,16000,16000,281100,480000.0,30000000.0
2004-09-23,15750,16150,15750,15950,130295,478500.0,30000000.0
2004-09-24,15900,16250,15750,16200,103740,486000.0,30000000.0
2004-09-30,16200,16650,16200,16550,148951,496500.0,30000000.0
2004-10-01,16700,17000,16550,16850,328390,505500.0,30000000.0
2004-10-04,17000,17400,16600,17400,514371,522000.0,30000000.0
2004-10-05,17500,17800,17200,17800,472753,534000.0,30000000.0
2004-10-06,17950,18350,17750,17950,997120,538500.0,30000000.0
2004-10-07,17950,18300,17550,18300,442390,549000.0,30000000.0
2004-10-08,18200,18600,18050,18300,453946,549000.0,30000000.0
2004-10-11,18150,18550,17850,18550,306745,556500.0,30000000.0
2004-10-12,18550,18550,17700,18250,458590,547500.0,30000000.0
2004-10-13,18100,18850,17850,18450,333990,553500.0,30000000.0
2004-10-14,18150,18500,18050,18450,215773,553500.0,30000000.0
2004-10-15,18450,18450,18050,18200,146540,546000.0,30000000.0
2004-10-18,18150,18500,17900,18400,193405,552000.0,30000000.0
2004-10-19,18550,19250,18550,19200,961185,576000.0,30000000.0
2004-10-20,19200,19500,18100,18100,406654,543000.0,30000000.0
2004-10-21,18300,19000,18150,18950,490948,568500.0,30000000.0
2004-10-22,19000,19150,18500,19050,301753,571500.0,30000000.0
2004-10-25,18650,18750,17950,18500,238080,555000.0,30000000.0
2004-10-26,18400,19100,18100,18600,210075,558000.0,30000000.0
2004-10-27,18700,18850,18150,18500,261610,555000.0,30000000.0
2004-10-28,18650,19050,18550,18850,288866,565500.0,30000000.0
2004-10-29,18850,18850,18400,18500,105663,555000.0,30000000.0
2004-11-01,18500,18650,18250,18450,147300,553500.0,30000000.0
2004-11-02,18400,19200,18300,18950,307420,568500.0,30000000.0
2004-11-03,18950,19800,18800,19800,435456,594000.0,30000000.0
2004-11-04,19600,19750,19250,19650,163992,589500.0,30000000.0
2004-11-05,19950,20000,19500,19750,212720,592500.0,30000000.0
2004-11-08,19800,19800,19100,19200,117430,576000.0,30000000.0
2004-11-09,19000,19300,18850,18950,100904,568500.0,30000000.0
2004-11-10,18950,19600,18950,19600,194845,588000.0,30000000.0
2004-11-11,19300,19550,19250,19300,90521,579000.0,30000000.0
2004-11-12,19350,19650,19300,19600,166070,588000.0,30000000.0
2004-11-15,19600,20000,19500,19650,236998,589500.0,30000000.0
2004-11-16,19400,19650,19050,19150,121342,574500.0,30000000.0
2004-11-17,19100,19700,19100,19250,163860,577500.0,30000000.0
2004-11-18,19150,19250,18250,18500,152680,555000.0,30000000.0
2004-11-19,18350,18800,18100,18300,90230,549000.0,30000000.0
2004-11-22,18000,18350,17850,17850,101199,535500.0,30000000.0
2004-11-23,17900,18200,17600,18200,151864,546000.0,30000000.0
2004-11-24,18000,18600,18000,18300,165882,549000.0,30000000.0
2004-11-25,18500,18500,17800,17900,175021,537000.0,30000000.0
2004-11-26,17800,18400,17800,17950,168120,538500.0,30000000.0
2004-11-29,17750,18150,17750,17950,75672,538500.0,30000000.0
2004-11-30,17850,18000,17450,18000,222984,540000.0,30000000.0
2004-12-01,17800,18150,17550,18000,132691,540000.0,30000000.0
2004-12-02,18200,18300,17650,17650,177983,529500.0,30000000.0
2004-12-03,17600,17750,17150,17150,288653,514500.0,30000000.0
2004-12-06,17200,17500,16950,17350,165866,520500.0,30000000.0
2004-12-07,17250,17400,17100,17200,82153,516000.0,30000000.0
2004-12-08,16900,17800,16650,17800,272376,534000.0,30000000.0
2004-12-09,17300,17550,17200,17200,181449,516000.0,30000000.0
2004-12-10,17300,17400,16900,17150,82220,514500.0,30000000.0
2004-12-13,17000,17450,17000,17450,94573,523500.0,30000000.0
2004-12-14,17200,17450,16900,17450,77631,523500.0,30000000.0
2004-12-15,17650,17750,17300,17700,193069,531000.0,30000000.0
2004-12-16,17950,17950,17250,17400,183400,522000.0,30000000.0
2004-12-17,17400,17550,17000,17450,132156,523500.0,30000000.0
2004-12-20,17450,17550,17100,17550,150288,526500.0,30000000.0
2004-12-21,17450,17500,17250,17250,84530,517500.0,30000000.0
2004-12-22,17250,17450,16750,16750,211291,502500.0,30000000.0
2004-12-23,16800,17000,16250,16700,175577,501000.0,30000000.0
2004-12-24,16600,16700,16300,16300,115487,489000.0,30000000.0
2004-12-27,16150,16400,16150,16400,159316,492000.0,30000000.0
2004-12-28,16500,16950,16400,16950,193080,508500.0,30000000.0
2004-12-29,16800,17550,16700,17550,197199,526500.0,30000000.0
2004-12-30,17600,18000,17400,18000,259111,540000.0,30000000.0
2005-01-03,17750,17850,17550,17600,79050,528000.0,30000000.0
2005-01-04,17600,17800,17050,17800,330790,534000.0,30000000.0
2005-01-05,17450,18450,17450,18400,363892,552000.0,30000000.0
2005-01-06,18400,18400,18050,18050,79259,541500.0,30000000.0
2005-01-07,18050,18300,17550,18050,106249,541500.0,30000000.0
2005-01-10,17750,17900,17500,17800,97264,534000.0,30000000.0
2005-01-11,17700,17900,17550,17900,81312,537000.0,30000000.0
2005-01-12,17700,17900,17100,17400,305500,522000.0,30000000.0
2005-01-13,17250,17600,17250,17450,154281,523500.0,30000000.0
2005-01-14,17200,18150,17200,18000,383120,540000.0,30000000.0
2005-01-17,18150,19000,17900,18000,777488,540000.0,30000000.0
2005-01-18,18500,19150,18350,18700,754702,561000.0,30000000.0
2005-01-19,18900,19250,18550,18600,373954,558000.0,30000000.0
2005-01-20,18550,18600,18050,18200,208712,546000.0,30000000.0
2005-01-21,18000,18800,18000,18700,196357,561000.0,30000000.0
2005-01-24,18700,19100,18550,19000,288079,570000.0,30000000.0
2005-01-25,19000,19250,18600,19100,425330,573000.0,30000000.0
2005-01-26,19200,20500,18950,20450,810500,613500.0,30000000.0
2005-01-27,20500,20500,19800,20250,209742,607500.0,30000000.0
2005-01-28,20250,20450,19750,20450,193140,613500.0,30000000.0
2005-01-31,20100,20700,20100,20500,164806,615000.0,30000000.0
2005-02-01,20250,20400,19800,19850,117891,595500.0,30000000.0
2005-02-02,19850,20200,19550,20200,167930,606000.0,30000000.0
2005-02-03,19900,20300,19800,19900,65040,597000.0,30000000.0
2005-02-04,19850,20150,19600,19950,124237,598500.0,30000000.0
2005-02-07,19750,20250,19750,20200,228573,606000.0,30000000.0
2005-02-11,19750,20200,19650,19700,218442,591000.0,30000000.0
2005-02-14,19800,20100,19300,19700,370077,591000.0,30000000.0
2005-02-15,19700,19700,19350,19450,207731,583500.0,30000000.0
2005-02-16,19550,19800,19300,19350,255090,580500.0,30000000.0
2005-02-17,19200,19350,19000,19250,178276,577500.0,30000000.0
2005-02-18,18900,20200,18900,20000,359884,600000.0,30000000.0
2005-02-21,20000,20650,19750,20650,341690,619500.0,30000000.0
2005-02-22,20750,20750,20000,20250,177267,607500.0,30000000.0
2005-02-23,20050,20050,19600,19650,108148,589500.0,30000000.0
2005-02-24,19500,20350,19500,19850,189986,595500.0,30000000.0
2005-02-25,20000,21300,19900,21100,363513,633000.0,30000000.0
2005-02-28,21400,21400,20600,21000,323330,630000.0,30000000.0
2005-03-02,21200,21650,20900,21500,383041,645000.0,30000000.0
2005-03-03,21500,22000,21100,21700,264582,651000.0,30000000.0
2005-03-04,21550,21800,21000,21600,199560,648000.0,30000000.0
2005-03-07,21500,21550,20500,20600,195354,618000.0,30000000.0
2005-03-08,20600,20800,19900,20500,170934,615000.0,30000000.0
2005-03-09,20300,20900,20150,20650,137179,619500.0,30000000.0
2005-03-10,20650,20700,19750,20300,225130,609000.0,30000000.0
2005-03-11,20550,20850,20300,20550,171749,616500.0,30000000.0
2005-03-14,20400,21000,20350,20800,133540,624000.0,30000000.0
2005-03-15,20800,20850,20050,20500,131360,615000.0,30000000.0
2005-03-16,20400,20500,20100,20300,73738,609000.0,30000000.0
2005-03-17,19800,20100,19450,19550,104220,586500.0,30000000.0
2005-03-18,19250,19650,18500,19000,176690,570000.0,30000000.0
2005-03-21,19000,19150,18700,19050,100730,571500.0,30000000.0
2005-03-22,19000,19150,18750,18800,111145,564000.0,30000000.0
2005-03-23,18900,18950,17950,18000,129778,540000.0,30000000.0
2005-03-24,18350,18350,17350,17750,214536,532500.0,30000000.0
2005-03-25,17850,18650,17700,18500,218550,555000.0,30000000.0
2005-03-28,18500,18800,18200,18600,105947,558000.0,30000000.0
2005-03-29,18400,18500,17850,17850,106496,535500.0,30000000.0
2005-03-30,17900,18250,17600,17900,197004,537000.0,30000000.0
2005-03-31,18150,18600,18100,18150,141920,544500.0,30000000.0
2005-04-01,18100,18800,18000,18700,219470,561000.0,30000000.0
2005-04-04,18700,19000,18550,18800,140840,564000.0,30000000.0
2005-04-06,19000,19150,18700,19000,197550,570000.0,30000000.0
2005-04-07,19100,19100,18550,19000,103590,570000.0,30000000.0
2005-04-08,19000,19250,18800,19100,96543,573000.0,30000000.0
2005-04-11,18900,19050,18650,18850,108000,565500.0,30000000.0
2005-04-12,18600,18800,18450,18650,54770,559500.0,30000000.0
2005-04-13,18750,18850,18250,18500,76500,555000.0,30000000.0
2005-04-14,18300,18500,17500,17500,246231,525000.0,30000000.0
2005-04-15,17700,17700,16450,17000,317354,510000.0,30000000.0
2005-04-18,16550,16650,16350,16500,106551,495000.0,30000000.0
2005-04-19,16550,16900,16550,16700,297878,501000.0,30000000.0
2005-04-20,16900,17150,16500,16550,194271,496500.0,30000000.0
2005-04-21,16350,17150,16050,17100,136830,513000.0,30000000.0
2005-04-22,17350,17800,17150,17750,186340,532500.0,30000000.0
2005-04-25,17650,17750,16800,17500,166141,525000.0,30000000.0
2005-04-26,17500,18000,17300,17850,95552,535500.0,30000000.0
2005-04-27,17500,17800,17300,17600,63017,528000.0,30000000.0
2005-04-28,17950,17950,17300,17850,57470,535500.0,30000000.0
2005-04-29,17700,17750,17150,17750,115450,532500.0,30000000.0
2005-05-02,17500,17750,17500,17650,37290,529500.0,30000000.0
2005-05-03,17600,18250,17450,18000,102390,540000.0,30000000.0
2005-05-04,18100,18500,17900,18300,145320,549000.0,30000000.0
2005-05-06,18150,18350,18100,18100,84890,543000.0,30000000.0
2005-05-09,18400,18400,17450,17950,213540,538500.0,30000000.0
2005-05-10,17850,17900,17200,17500,210530,525000.0,30000000.0
2005-05-11,17200,17650,17200,17600,79770,528000.0,30000000.0
2005-05-12,17350,17700,17350,17400,97400,522000.0,30000000.0
2005-05-13,17300,17550,17100,17350,35452,520500.0,30000000.0
2005-05-16,17350,17750,17250,17700,55951,531000.0,30000000.0
2005-05-17,17600,17950,17500,17700,47756,531000.0,30000000.0
2005-05-18,17850,17950,17500,17750,101545,532500.0,30000000.0
2005-05-19,17850,18250,17800,18250,73566,547500.0,30000000.0
2005-05-20,18100,18350,17800,18200,87360,546000.0,30000000.0
2005-05-23,18200,18250,18000,18250,83130,547500.0,30000000.0
2005-05-24,18100,18350,17950,18100,46781,543000.0,30000000.0
2005-05-25,18050,18200,17800,18000,91433,540000.0,30000000.0
2005-05-26,18100,18150,17850,17950,42820,538500.0,30000000.0
2005-05-27,18050,18750,18050,18500,120050,555000.0,30000000.0
2005-05-30,18500,19000,18400,18750,97360,562500.0,30000000.0
2005-05-31,18950,19700,18600,19700,90190,591000.0,30000000.0
2005-06-01,19200,19450,19100,19200,73091,576000.0,30000000.0
2005-06-02,19200,19350,18950,19000,92943,570000.0,30000000.0
2005-06-03,19100,19150,18800,19000,42671,570000.0,30000000.0
2005-06-07,19000,19200,18700,18800,33140,564000.0,30000000.0
2005-06-08,18750,19300,18700,19300,106562,579000.0,30000000.0
2005-06-09,19300,19350,18800,19300,152998,579000.0,30000000.0
2005-06-10,19100,19600,19050,19450,135790,583500.0,30000000.0
2005-06-13,19300,19550,18750,19000,92006,570000.0,30000000.0
2005-06-14,18700,19200,18300,18400,81320,552000.0,30000000.0
2005-06-15,18500,18650,18400,18450,59160,553500.0,30000000.0
2005-06-16,18500,18650,18000,18100,113684,543000.0,30000000.0
2005-06-17,18100,18200,17650,17750,239313,532500.0,30000000.0
2005-06-20,17800,18000,17500,17750,191960,532500.0,30000000.0
2005-06-21,17650,17900,17650,17850,99280,535500.0,30000000.0
2005-06-22,17700,18300,17700,18050,173430,541500.0,30000000.0
2005-06-23,18050,18250,17950,18050,94168,541500.0,30000000.0
2005-06-24,18050,18900,17900,18750,279446,562500.0,30000000.0
2005-06-27,18500,18700,18300,18600,155197,558000.0,30000000.0
2005-06-28,18500,18650,18300,18650,79411,559500.0,30000000.0
2005-06-29,18650,19000,18550,19000,129625,570000.0,30000000.0
2005-06-30,19000,19500,18900,19500,235400,585000.0,30000000.0
2005-07-01,19200,19550,19050,19500,124310,585000.0,30000000.0
2005-07-04,19550,19550,19050,19400,107640,582000.0,30000000.0
2005-07-05,19300,19300,18900,19000,60436,570000.0,30000000.0
2005-07-06,18900,18900,18500,18550,124743,556500.0,30000000.0
2005-07-07,18300,18500,18100,18300,263746,549000.0,30000000.0
2005-07-08,18150,18500,18150,18500,145680,555000.0,30000000.0
2005-07-11,18550,18850,18350,18700,269058,561000.0,30000000.0
2005-07-12,18800,19100,18600,18900,179360,567000.0,30000000.0
2005-07-13,19300,20400,19100,20400,555070,612000.0,30000000.0
2005-07-14,20400,20550,20000,20400,340432,612000.0,30000000.0
2005-07-15,20500,20500,19500,20200,396449,606000.0,30000000.0
2005-07-18,20100,20100,19650,20050,128367,601500.0,30000000.0
2005-07-19,19800,20050,19650,20050,132850,601500.0,30000000.0
2005-07-20,20000,20800,19600,20100,257391,603000.0,30000000.0
2005-07-21,20100,20350,19550,19750,108373,592500.0,30000000.0
2005-07-22,19500,19950,19450,19850,166287,595500.0,30000000.0
2005-07-25,19850,20500,19800,20500,306850,615000.0,30000000.0
2005-07-26,20450,22300,20400,21500,567850,645000.0,30000000.0
2005-07-27,22000,22200,21200,22000,296260,660000.0,30000000.0
2005-07-28,22250,22250,21400,21900,204609,657000.0,30000000.0
2005-07-29,21950,22150,21200,21900,259557,657000.0,30000000.0
2005-08-01,21700,21800,21400,21800,111302,654000.0,30000000.0
2005-08-02,21600,21800,21400,21450,84876,643500.0,30000000.0
2005-08-03,21350,22700,21350,22150,445132,664500.0,30000000.0
2005-08-04,22000,22300,21550,22100,174480,663000.0,30000000.0
2005-08-05,21800,22150,21400,21700,124071,651000.0,30000000.0
2005-08-08,21300,22000,21300,21750,163490,652500.0,30000000.0
2005-08-09,21600,22400,21500,22400,137858,672000.0,30000000.0
2005-08-10,22500,22600,21850,22200,95555,666000.0,30000000.0
2005-08-11,22200,22800,22000,22650,182320,679500.0,30000000.0
2005-08-12,22600,23000,22500,22800,358473,684000.0,30000000.0
2005-08-16,22600,23350,22600,22950,137360,688500.0,30000000.0
2005-08-17,22800,23300,22500,23300,148585,699000.0,30000000.0
2005-08-18,23150,23350,22750,22850,149525,685500.0,30000000.0
2005-08-19,22500,22700,22050,22700,100990,681000.0,30000000.0
2005-08-22,22700,23250,22350,23250,78180,697500.0,30000000.0
2005-08-23,23250,23300,22600,22850,105750,685500.0,30000000.0
2005-08-24,22850,22900,22250,22900,139280,687000.0,30000000.0
2005-08-25,22900,23250,22150,22950,192070,688500.0,30000000.0
2005-08-26,22700,23400,22700,23000,155802,690000.0,30000000.0
2005-08-29,22650,22650,21300,22450,192920,673500.0,30000000.0
2005-08-30,22500,22700,21800,22650,87650,679500.0,30000000.0
2005-08-31,22100,22650,22100,22600,82190,678000.0,30000000.0
2005-09-01,22450,23800,22450,23800,121100,714000.0,30000000.0
2005-09-02,23800,23900,23300,23750,86030,712500.0,30000000.0
2005-09-05,23650,23750,22800,23100,88460,693000.0,30000000.0
2005-09-06,22700,23950,22700,23250,148821,697500.0,30000000.0
2005-09-07,23550,23800,23250,23800,144671,714000.0,30000000.0
2005-09-08,23800,23950,23400,23800,188580,714000.0,30000000.0
2005-09-09,23500,24200,23500,24050,89272,721500.0,30000000.0
2005-09-12,23900,24850,23900,24600,106075,738000.0,30000000.0
2005-09-13,24950,28250,24650,26500,354590,795000.0,30000000.0
2005-09-14,26900,27000,25450,26850,194791,805500.0,30000000.0
2005-09-15,26650,26750,25250,26000,164806,780000.0,30000000.0
2005-09-16,25600,25800,25250,25550,125170,766500.0,30000000.0
2005-09-20,26550,26900,26100,26200,265816,786000.0,30000000.0
2005-09-21,26200,27000,26000,27000,121855,810000.0,30000000.0
2005-09-22,26950,28950,26750,28950,330767,868500.0,30000000.0
2005-09-23,28200,28600,27750,28050,109895,841500.0,30000000.0
2005-09-26,28300,29000,27900,29000,142480,870000.0,30000000.0
2005-09-27,29000,29450,28350,29450,113590,883500.0,30000000.0
2005-09-28,29000,29750,28850,29750,146034,892500.0,30000000.0
2005-09-29,29300,29400,28700,29000,171256,870000.0,30000000.0
2005-09-30,28600,29000,28400,29000,79040,870000.0,30000000.0
2005-10-04,28600,29000,28050,28700,103590,861000.0,30000000.0
2005-10-05,28050,28450,27650,28050,111218,841500.0,30000000.0
2005-10-06,27500,28200,27250,28000,94542,840000.0,30000000.0
2005-10-07,28000,28700,27750,28350,94780,850500.0,30000000.0
2005-10-10,27900,28900,27900,28900,99410,867000.0,30000000.0
2005-10-11,28550,28800,28150,28500,93464,855000.0,30000000.0
2005-10-12,28300,28900,27800,27800,87830,834000.0,30000000.0
2005-10-13,27500,27900,26650,27650,162151,829500.0,30000000.0
2005-10-14,27500,27800,26650,27400,83670,822000.0,30000000.0
2005-10-17,26950,27550,26950,27400,85790,822000.0,30000000.0
2005-10-18,27100,29000,27100,28500,200630,855000.0,30000000.0
2005-10-19,28500,28500,27200,27300,78902,819000.0,30000000.0
2005-10-20,27400,27750,26800,27500,95840,825000.0,30000000.0
2005-10-21,26800,27800,26800,27350,67525,820500.0,30000000.0
2005-10-24,27200,27600,27100,27200,34633,816000.0,30000000.0
2005-10-25,27600,27800,26550,27800,85140,834000.0,30000000.0
2005-10-26,27700,27800,27000,27750,82490,832500.0,30000000.0
2005-10-27,28000,28450,27500,28200,306401,846000.0,30000000.0
2005-10-28,27650,28100,26800,27350,130264,820500.0,30000000.0
2005-10-31,27800,28250,27200,28200,105546,846000.0,30000000.0
2005-11-01,27800,28300,27350,28050,42630,841500.0,30000000.0
2005-11-02,27900,28300,27800,28200,58990,846000.0,30000000.0
2005-11-03,28200,28950,27950,28300,111109,849000.0,30000000.0
2005-11-04,28400,29400,28350,29400,100231,882000.0,30000000.0
2005-11-07,29550,30300,28700,30300,49029,909000.0,30000000.0
2005-11-08,29800,29950,29450,29650,51125,889500.0,30000000.0
2005-11-09,29350,30250,29350,29900,64126,897000.0,30000000.0
2005-11-10,30000,30400,29550,30300,87901,909000.0,30000000.0
2005-11-11,30450,31150,29900,30300,194930,909000.0,30000000.0
2005-11-14,30000,30000,29300,29350,104863,880500.0,30000000.0
2005-11-15,29100,29300,28650,28650,68450,859500.0,30000000.0
2005-11-16,28600,29250,28500,28700,135531,861000.0,30000000.0
2005-11-17,28400,29000,28350,29000,144570,870000.0,30000000.0
2005-11-18,29400,29400,28600,28950,84780,868500.0,30000000.0
2005-11-21,28550,28850,27950,28300,203203,849000.0,30000000.0
2005-11-22,28500,28500,27350,27500,218720,825000.0,30000000.0
2005-11-23,27350,27500,26700,27200,294351,816000.0,30000000.0
2005-11-24,27100,27500,26550,26800,284160,804000.0,30000000.0
2005-11-25,26600,27100,25700,26000,296263,780000.0,30000000.0
2005-11-28,26050,26800,26050,26800,199310,804000.0,30000000.0
2005-11-29,26600,27000,26300,26400,140310,792000.0,30000000.0
2005-11-30,26300,27300,26300,27200,342854,816000.0,30000000.0
2005-12-01,27200,27900,26950,27900,326425,837000.0,30000000.0
2005-12-02,28400,28400,27150,27150,240403,814500.0,30000000.0
2005-12-05,27100,27100,26400,26750,188219,802500.0,30000000.0
2005-12-06,26500,26750,26100,26100,184391,783000.0,30000000.0
2005-12-07,26000,26550,25950,26300,187878,789000.0,30000000.0
2005-12-08,26300,26650,25500,26650,223180,799500.0,30000000.0
2005-12-09,26250,26550,26200,26400,126161,792000.0,30000000.0
2005-12-12,26200,27350,25600,27000,360730,810000.0,30000000.0
2005-12-13,27200,27500,26850,27150,189945,814500.0,30000000.0
2005-12-14,27200,27950,27200,27800,224400,834000.0,30000000.0
2005-12-15,27700,27800,26650,26650,238505,799500.0,30000000.0
2005-12-16,26450,26450,25800,26200,133170,786000.0,30000000.0
2005-12-19,25700,26300,25700,26000,172645,780000.0,30000000.0
2005-12-20,25750,26250,25650,26200,113926,786000.0,30000000.0
2005-12-21,26200,27450,26200,27300,231770,819000.0,30000000.0
2005-12-22,27500,27500,26650,26850,98786,805500.0,30000000.0
2005-12-23,27300,27350,26250,26900,147639,807000.0,30000000.0
2005-12-26,26900,27200,26250,27150,95110,814500.0,30000000.0
2005-12-27,27150,27450,27000,27000,115530,810000.0,30000000.0
2005-12-28,26550,27050,26400,26900,81670,807000.0,30000000.0
2005-12-29,27100,27800,26700,27800,222910,834000.0,30000000.0
2006-01-02,28150,28550,27800,27900,214680,837000.0,30000000.0
2006-01-03,28000,29000,27550,29000,313424,870000.0,30000000.0
2006-01-04,29100,29800,28650,29750,306285,892500.0,30000000.0
2006-01-05,29800,29850,28700,28900,126894,867000.0,30000000.0
2006-01-06,28550,29400,28550,29100,141590,873000.0,30000000.0
2006-01-09,29000,29000,28300,28300,90000,849000.0,30000000.0
2006-01-10,28300,28850,28200,28700,157331,861000.0,30000000.0
2006-01-11,28650,29200,28050,29200,91205,876000.0,30000000.0
2006-01-12,29000,29450,28800,29200,148338,876000.0,30000000.0
2006-01-13,28950,29350,28600,28750,90190,862500.0,30000000.0
2006-01-16,28800,29700,28700,29250,134539,877500.0,30000000.0
2006-01-17,29600,31300,29200,29900,431355,897000.0,30000000.0
2006-01-18,29900,30400,27950,29850,224170,895500.0,30000000.0
2006-01-19,29850,30900,28700,30500,147157,915000.0,30000000.0
2006-01-20,31000,31300,28400,29000,205792,870000.0,30000000.0
2006-01-23,28400,28900,25850,27800,178632,834000.0,30000000.0
2006-01-24,27150,28600,27150,28600,107320,858000.0,30000000.0
2006-01-25,28100,28700,27550,27700,161151,831000.0,30000000.0
2006-01-26,27300,28750,27250,28500,97259,855000.0,30000000.0
2006-01-27,28900,30000,28250,29800,91200,894000.0,30000000.0
2006-01-31,29350,29750,29000,29500,71880,885000.0,30000000.0
2006-02-01,29100,29450,27950,27950,64416,838500.0,30000000.0
2006-02-02,28000,28300,27300,28200,127754,846000.0,30000000.0
2006-02-03,28000,28000,26950,27100,127888,813000.0,30000000.0
2006-02-06,26850,27900,26500,27500,64307,825000.0,30000000.0
2006-02-07,27150,28100,27000,28000,89770,840000.0,30000000.0
2006-02-08,28200,28200,27000,27000,57389,810000.0,30000000.0
2006-02-09,27700,27700,26750,27000,73576,810000.0,30000000.0
2006-02-10,27000,27300,26300,26700,82134,801000.0,30000000.0
2006-02-13,26700,27000,26000,26100,71601,783000.0,30000000.0
2006-02-14,26100,26850,25900,26450,48900,793500.0,30000000.0
2006-02-15,26650,27050,26500,26800,74440,804000.0,30000000.0
2006-02-16,26550,27250,26450,27100,67400,813000.0,30000000.0
2006-02-17,27400,27600,26500,27500,74560,825000.0,30000000.0
2006-02-20,27600,27700,27150,27450,88571,823500.0,30000000.0
2006-02-21,27450,27450,26750,27200,102264,816000.0,30000000.0
2006-02-22,26900,27450,26400,27100,88880,813000.0,30000000.0
2006-02-23,27450,29500,27400,29500,259240,885000.0,30000000.0
2006-02-24,29500,29950,29050,29500,159655,885000.0,30000000.0
2006-02-27,29300,30350,29150,30300,229920,909000.0,30000000.0
2006-02-28,30300,31000,29600,30800,173651,924000.0,30000000.0
2006-03-02,30450,30950,30000,30950,113850,928500.0,30000000.0
2006-03-03,30700,30900,28900,29500,112808,885000.0,30000000.0
2006-03-06,29500,29900,28800,29300,63815,879000.0,30000000.0
2006-03-07,28900,29750,28550,29550,83506,886500.0,30000000.0
2006-03-08,29050,30350,29050,29750,98680,892500.0,30000000.0
2006-03-09,29300,30350,29300,30250,126590,907500.0,30000000.0
2006-03-10,30450,30500,29900,30100,55570,903000.0,30000000.0
2006-03-13,30150,30650,30100,30600,82949,918000.0,30000000.0
2006-03-14,30600,31900,30300,31600,165170,948000.0,30000000.0
2006-03-15,31850,32800,31500,32400,117358,972000.0,30000000.0
2006-03-16,32400,33200,32200,32750,124550,982500.0,30000000.0
2006-03-17,32350,32650,31800,32500,73459,975000.0,30000000.0
2006-03-20,32100,33150,32100,33100,63769,993000.0,30000000.0
2006-03-21,32700,33100,31800,31800,76672,954000.0,30000000.0
2006-03-22,31600,31750,30300,30600,78409,918000.0,30000000.0
2006-03-23,31000,31200,29900,31000,69120,930000.0,30000000.0
2006-03-24,30500,30800,30200,30500,40332,915000.0,30000000.0
2006-03-27,30500,31450,30500,31450,42660,943500.0,30000000.0
2006-03-28,31450,31550,31200,31500,109658,945000.0,30000000.0
2006-03-29,31100,31850,31000,31600,142580,948000.0,30000000.0
2006-03-30,31650,32700,31600,32700,67828,981000.0,30000000.0
2006-03-31,32500,33400,32150,33400,86785,1002000.0,30000000.0
2006-04-03,33150,33450,32000,32000,145509,960000.0,30000000.0
2006-04-04,31700,32450,31600,32050,258395,961500.0,30000000.0
2006-04-05,32000,32750,31900,32550,358665,976500.0,30000000.0
2006-04-06,32900,33450,32700,33350,147743,1000500.0,30000000.0
2006-04-07,33350,33350,32350,33150,93040,994500.0,30000000.0
2006-04-10,32500,34000,32500,34000,66450,1020000.0,30000000.0
2006-04-11,33800,33950,33200,33450,37375,1003500.0,30000000.0
2006-04-12,33000,33700,32650,33450,43873,1003500.0,30000000.0
2006-04-13,33450,33700,33000,33450,62463,1003500.0,30000000.0
2006-04-14,33500,34450,33500,34200,86101,1026000.0,30000000.0
2006-04-17,34000,34100,32850,33800,56790,1014000.0,30000000.0
2006-04-18,33250,34000,33200,33700,54090,1011000.0,30000000.0
2006-04-19,33700,34000,33000,33000,60140,990000.0,30000000.0
2006-04-20,33000,33400,32650,33400,72898,1002000.0,30000000.0
2006-04-21,33050,33500,32950,33300,63709,999000.0,30000000.0
2006-04-24,32900,33050,31650,31650,90854,949500.0,30000000.0
2006-04-25,31950,33500,31900,32900,108451,987000.0,30000000.0
2006-04-26,33700,35200,33400,35200,196140,1056000.0,30000000.0
2006-04-27,35200,36100,35200,35800,94600,1074000.0,30000000.0
2006-04-28,35250,35700,33950,35700,104661,1071000.0,30000000.0
2006-05-02,35100,35900,34850,35000,76658,1050000.0,30000000.0
2006-05-03,34900,35350,34000,34900,112503,1047000.0,30000000.0
2006-05-04,34900,35650,34550,35400,65648,1062000.0,30000000.0
2006-05-08,35250,35500,34300,34300,90966,1029000.0,30000000.0
2006-05-09,33850,34300,33100,33100,86170,993000.0,30000000.0
2006-05-10,33000,33900,32850,33200,38983,996000.0,30000000.0
2006-05-11,33200,34500,33200,34100,64930,1023000.0,30000000.0
2006-05-12,33600,34500,32900,33500,208951,1005000.0,30000000.0
2006-05-15,33050,33500,32750,33100,109373,993000.0,30000000.0
2006-05-16,33500,33500,32350,32700,151960,981000.0,30000000.0
2006-05-17,32900,33650,32850,33500,91590,1005000.0,30000000.0
2006-05-18,32500,33300,32300,32700,79250,981000.0,30000000.0
2006-05-19,32250,32800,32050,32800,34360,984000.0,30000000.0
2006-05-22,32800,33200,31550,31900,34606,957000.0,30000000.0
2006-05-23,31900,32250,31500,31650,69809,949500.0,30000000.0
2006-05-24,31500,32000,30200,32000,50781,960000.0,30000000.0
2006-05-25,31300,31350,30700,31000,56837,930000.0,30000000.0
2006-05-26,31100,31700,31000,31700,79801,951000.0,30000000.0
2006-05-29,31600,32500,31350,31500,111327,945000.0,30000000.0
2006-05-30,31500,31900,30200,31900,63810,957000.0,30000000.0
2006-06-01,31800,31800,30650,30700,43897,921000.0,30000000.0
2006-06-02,30850,31250,29900,30950,52907,928500.0,30000000.0
2006-06-05,30700,30700,29200,29900,62020,897000.0,30000000.0
2006-06-07,29000,29650,28750,29500,166291,885000.0,30000000.0
2006-06-08,29500,29900,29000,29000,246210,870000.0,30000000.0
2006-06-09,29300,30000,28900,29500,87174,885000.0,30000000.0
2006-06-12,29450,30000,28950,30000,61106,900000.0,30000000.0
2006-06-13,29850,30500,29500,30500,75855,915000.0,30000000.0
2006-06-14,30600,32750,30550,32500,113200,975000.0,30000000.0
2006-06-15,32600,32900,31350,32800,69100,984000.0,30000000.0
2006-06-16,33000,33250,32650,33200,69040,996000.0,30000000.0
2006-06-19,33100,33200,31900,32900,39038,987000.0,30000000.0
2006-06-20,33000,33000,31200,31200,25510,936000.0,30000000.0
2006-06-21,31200,31500,30850,31200,14260,936000.0,30000000.0
2006-06-22,31400,32500,31400,32400,61940,972000.0,30000000.0
2006-06-23,31700,32150,30900,32100,34870,963000.0,30000000.0
2006-06-26,32300,32550,31400,32500,35990,975000.0,30000000.0
2006-06-27,32400,32700,31850,32250,126342,967500.0,30000000.0
2006-06-28,31500,32000,31250,32000,34240,960000.0,30000000.0
2006-06-29,31800,32900,31800,32900,61555,987000.0,30000000.0
2006-06-30,33100,33550,32650,33300,143431,999000.0,30000000.0
2006-07-03,33500,33500,32350,32400,64452,972000.0,30000000.0
2006-07-04,32050,32400,31650,31900,30580,957000.0,30000000.0
2006-07-05,31450,31700,31100,31650,41520,949500.0,30000000.0
2006-07-06,31150,31650,30250,31250,68010,937500.0,30000000.0
2006-07-07,31250,31500,30800,31100,89240,933000.0,30000000.0
2006-07-10,31200,31500,30900,31200,82725,936000.0,30000000.0
2006-07-11,31300,31800,31000,31800,99094,954000.0,30000000.0
2006-07-12,32250,32600,31700,32000,238963,960000.0,30000000.0
2006-07-13,32050,32050,30950,31200,190131,936000.0,30000000.0
2006-07-14,30600,31300,30300,31300,64281,939000.0,30000000.0
2006-07-18,30700,31300,30500,31300,35590,939000.0,30000000.0
2006-07-19,31300,31600,30650,31100,124520,933000.0,30000000.0
2006-07-20,31700,32500,31400,32500,88300,975000.0,30000000.0
2006-07-21,32300,32500,31750,32000,49805,960000.0,30000000.0
2006-07-24,31600,32400,31150,32400,42120,972000.0,30000000.0
2006-07-25,32500,32950,32250,32850,156510,985500.0,30000000.0
2006-07-26,33000,33000,32500,32800,36110,984000.0,30000000.0
2006-07-27,32550,33350,32450,33200,59550,996000.0,30000000.0
2006-07-28,33000,33200,32750,33000,34591,990000.0,30000000.0
2006-07-31,33200,33250,32400,32800,37587,984000.0,30000000.0
2006-08-01,32450,33100,32400,32600,26975,978000.0,30000000.0
2006-08-02,32800,33200,32100,33200,33230,996000.0,30000000.0
2006-08-03,32800,33150,32250,32250,32458,967500.0,30000000.0
2006-08-04,32250,32600,31700,32450,125710,973500.0,30000000.0
2006-08-07,32550,32550,31600,31600,50032,948000.0,30000000.0
2006-08-08,31300,32550,31100,32550,44310,976500.0,30000000.0
2006-08-09,32050,33000,31900,32900,44070,987000.0,30000000.0
2006-08-10,32900,33000,31800,32100,57850,963000.0,30000000.0
2006-08-11,32400,32800,31400,31700,68964,951000.0,30000000.0
2006-08-14,31900,32200,31600,32100,33780,963000.0,30000000.0
2006-08-16,32100,32550,31800,32550,31533,976500.0,30000000.0
2006-08-17,32350,32950,32300,32850,35880,985500.0,30000000.0
2006-08-18,32800,32800,32200,32400,38581,972000.0,30000000.0
2006-08-21,32750,32750,31600,32100,47020,963000.0,30000000.0
2006-08-22,32300,32500,31950,32500,60174,975000.0,30000000.0
2006-08-23,32500,33300,32000,33250,374490,997500.0,30000000.0
2006-08-24,33150,33450,32550,33450,116531,1003500.0,30000000.0
2006-08-25,33200,33650,33050,33400,174779,1002000.0,30000000.0
2006-08-28,33650,33900,32800,33900,55540,1017000.0,30000000.0
2006-08-29,33600,34050,33450,33800,114126,1014000.0,30000000.0
2006-08-30,33550,33600,33050,33200,52502,996000.0,30000000.0
2006-08-31,33100,33550,33000,33550,142720,1006500.0,30000000.0
2006-09-01,33250,34200,33100,34200,99660,1026000.0,30000000.0
2006-09-04,33950,34200,33550,34150,31910,1024500.0,30000000.0
2006-09-05,33750,34050,33450,34050,40522,1021500.0,30000000.0
2006-09-06,33950,33950,33250,33700,38820,1011000.0,30000000.0
2006-09-07,33350,33800,33200,33800,55950,1014000.0,30000000.0
2006-09-08,33500,33800,33400,33650,39711,1009500.0,30000000.0
2006-09-11,33400,33450,32900,32900,42674,987000.0,30000000.0
2006-09-12,32800,33150,32450,32700,31532,981000.0,30000000.0
2006-09-13,32750,32800,31700,31700,101289,951000.0,30000000.0
2006-09-14,31650,32850,31350,32850,151490,985500.0,30000000.0
2006-09-15,32300,32500,31900,32200,65596,966000.0,30000000.0
2006-09-18,32100,32750,31950,32400,148800,972000.0,30000000.0
2006-09-19,32100,32400,31950,32300,55160,969000.0,30000000.0
2006-09-20,32100,32400,27550,31550,130286,946500.0,30000000.0
2006-09-21,31800,32500,31600,32500,201350,975000.0,30000000.0
2006-09-22,32050,32600,31800,32600,43360,978000.0,30000000.0
2006-09-25,32600,32950,32150,32950,38960,988500.0,30000000.0
2006-09-26,32950,32950,31650,32850,86390,985500.0,30000000.0
2006-09-27,32500,33450,32500,33450,52340,1003500.0,30000000.0
2006-09-28,33450,34500,32950,34350,101520,1030500.0,30000000.0
2006-09-29,33950,34800,33950,34800,80410,1044000.0,30000000.0
2006-10-02,34800,34950,33750,33950,66731,1018500.0,30000000.0
2006-10-04,33400,33550,32500,33300,104040,999000.0,30000000.0
2006-10-09,33200,33600,31600,33000,75687,990000.0,30000000.0
2006-10-10,33000,33000,32200,32900,72960,987000.0,30000000.0
2006-10-11,32350,32800,31550,31850,113114,955500.0,30000000.0
2006-10-12,31950,31950,31400,31500,124292,945000.0,30000000.0
2006-10-13,31800,32400,31700,32400,80600,972000.0,30000000.0
2006-10-16,32350,32400,32050,32100,57050,963000.0,30000000.0
2006-10-17,32400,32400,31800,32350,76310,970500.0,30000000.0
2006-10-18,32100,32350,31900,32000,52120,960000.0,30000000.0
2006-10-19,31850,32050,31500,32050,91150,961500.0,30000000.0
2006-10-20,32200,32650,32150,32650,59622,979500.0,30000000.0
2006-10-23,32800,32800,32200,32800,122027,984000.0,30000000.0
2006-10-24,32800,33300,32500,33300,54960,999000.0,30000000.0
2006-10-25,33400,33500,32900,33500,62299,1005000.0,30000000.0
2006-10-26,33200,33200,32600,32900,108144,987000.0,30000000.0
2006-10-27,33000,33000,32500,33000,50140,990000.0,30000000.0
2006-10-30,33000,33000,31850,32300,73800,969000.0,30000000.0
2006-10-31,32500,32700,32000,32500,46702,975000.0,30000000.0
2006-11-01,32400,33150,32250,33000,51629,990000.0,30000000.0
2006-11-02,33000,33250,32650,33000,40000,990000.0,30000000.0
2006-11-03,32700,33000,32600,32900,26290,987000.0,30000000.0
2006-11-06,33050,33050,32050,32650,44420,979500.0,30000000.0
2006-11-07,32800,32950,32500,32750,35528,982500.0,30000000.0
2006-11-08,32700,32750,32300,32500,33330,975000.0,30000000.0
2006-11-09,32450,32850,32400,32850,40440,985500.0,30000000.0
2006-11-10,32800,33100,32500,33100,74475,993000.0,30000000.0
2006-11-13,33100,33350,32750,32850,42950,985500.0,30000000.0
2006-11-14,33000,33000,32550,32600,46753,978000.0,30000000.0
2006-11-15,32700,32900,32350,32650,60660,979500.0,30000000.0
2006-11-16,32400,33000,32350,33000,34190,990000.0,30000000.0
2006-11-17,32950,33400,32800,33200,55310,996000.0,30000000.0
2006-11-20,32900,33000,31900,31900,129151,957000.0,30000000.0
2006-11-21,32000,32400,31450,32400,106160,972000.0,30000000.0
2006-11-22,32350,32500,31900,32500,106330,975000.0,30000000.0
2006-11-23,32200,32400,32000,32250,54851,967500.0,30000000.0
2006-11-24,32000,32350,31550,31550,88882,946500.0,30000000.0
2006-11-27,31450,31900,31400,31850,41926,955500.0,30000000.0
2006-11-28,31650,31650,31300,31500,58685,945000.0,30000000.0
2006-11-29,31300,31800,31300,31750,45872,952500.0,30000000.0
2006-11-30,31700,32350,31450,32350,85258,970500.0,30000000.0
2006-12-01,32350,32350,31650,31800,46837,954000.0,30000000.0
2006-12-04,31800,31800,31300,31300,42868,939000.0,30000000.0
2006-12-05,31300,31550,30700,30700,73715,921000.0,30000000.0
2006-12-06,30900,31300,30700,31200,47781,936000.0,30000000.0
2006-12-07,31300,31500,30550,30900,63141,927000.0,30000000.0
2006-12-08,30900,31000,30050,30900,37170,927000.0,30000000.0
2006-12-11,30450,30750,30200,30200,23635,906000.0,30000000.0
2006-12-12,30150,30300,29500,30100,51640,903000.0,30000000.0
2006-12-13,30100,30500,29600,30500,295350,915000.0,30000000.0
2006-12-14,30850,30950,30000,30550,695251,916500.0,30000000.0
2006-12-15,30600,31200,30300,31000,209730,930000.0,30000000.0
2006-12-18,31400,31500,31000,31100,43202,933000.0,30000000.0
2006-12-19,31000,31300,30500,30650,134101,919500.0,30000000.0
2006-12-20,30800,31250,30700,31200,137986,936000.0,30000000.0
2006-12-21,31250,31750,31150,31700,96300,951000.0,30000000.0
2006-12-22,31250,31950,31250,31950,72499,958500.0,30000000.0
2006-12-26,31950,32150,31150,31900,57670,957000.0,30000000.0
2006-12-27,31900,32000,31150,32000,78817,960000.0,30000000.0
2006-12-28,31900,32400,31550,32350,107682,970500.0,30000000.0
2007-01-02,32000,32000,31500,31550,41667,946500.0,30000000.0
2007-01-03,31550,31800,31050,31050,167435,931500.0,30000000.0
2007-01-04,31050,31450,30000,30000,72861,900000.0,30000000.0
2007-01-05,29850,30200,28800,29250,80900,877500.0,30000000.0
2007-01-08,29000,29450,28000,28000,131440,840000.0,30000000.0
2007-01-09,28000,28700,27750,28050,82706,841500.0,30000000.0
2007-01-10,28100,28150,27250,27300,96506,819000.0,30000000.0
2007-01-11,27450,28000,27150,27950,329095,838500.0,30000000.0
2007-01-12,28350,29200,28050,29150,113870,874500.0,30000000.0
2007-01-15,29250,29500,29000,29500,43120,885000.0,30000000.0
2007-01-16,29200,29700,28550,28900,37502,867000.0,30000000.0
2007-01-17,28900,29600,28150,29600,92380,888000.0,30000000.0
2007-01-18,29600,31000,29600,30200,218556,906000.0,30000000.0
2007-01-19,30250,30700,29800,30200,140361,906000.0,30000000.0
2007-01-22,30650,30850,30000,30800,68874,924000.0,30000000.0
2007-01-23,30300,31450,30300,31300,135817,939000.0,30000000.0
2007-01-24,31400,31450,30800,31450,74940,943500.0,30000000.0
2007-01-25,31450,31500,31200,31200,90808,936000.0,30000000.0
2007-01-26,31100,31300,30700,31200,73822,936000.0,30000000.0
2007-01-29,31450,31450,30600,31200,54200,936000.0,30000000.0
2007-01-30,31200,31200,30700,31100,33840,933000.0,30000000.0
2007-01-31,30900,31100,30450,30500,62760,915000.0,30000000.0
2007-02-01,30750,30950,30400,30900,83960,927000.0,30000000.0
2007-02-02,31300,32400,30950,32400,216945,972000.0,30000000.0
2007-02-05,32100,32650,31600,32650,108679,979500.0,30000000.0
2007-02-06,32100,32450,31550,31850,112530,955500.0,30000000.0
2007-02-07,31800,31900,31400,31700,109411,951000.0,30000000.0
2007-02-08,31400,31800,30800,31450,104338,943500.0,30000000.0
2007-02-09,31050,31950,31050,31250,159477,937500.0,30000000.0
2007-02-12,30800,30800,30200,30600,111892,918000.0,30000000.0
2007-02-13,30250,30500,29400,30150,289039,904500.0,30000000.0
2007-02-14,30000,30350,29650,30300,204187,909000.0,30000000.0
2007-02-15,30400,30600,29850,30300,167810,909000.0,30000000.0
2007-02-16,30250,30450,29950,30300,84213,909000.0,30000000.0
2007-02-20,30300,30700,30300,30650,105550,919500.0,30000000.0
2007-02-21,30650,30900,30350,30900,56800,927000.0,30000000.0
2007-02-22,30650,30800,30250,30800,137810,924000.0,30000000.0
2007-02-23,30400,30550,29400,29400,240032,882000.0,30000000.0
2007-02-26,29150,29300,28500,29000,290209,870000.0,30000000.0
2007-02-27,28850,29400,28700,29400,209750,882000.0,30000000.0
2007-02-28,28300,28950,28300,28950,178950,868500.0,30000000.0
2007-03-02,28600,29600,28600,29550,82600,886500.0,30000000.0
2007-03-05,29250,29550,29000,29300,175018,879000.0,30000000.0
2007-03-06,29350,30250,29350,30250,113558,907500.0,30000000.0
2007-03-07,30500,31750,30200,31600,201631,948000.0,30000000.0
2007-03-08,31700,32000,31150,31800,118325,954000.0,30000000.0
2007-03-09,31900,32400,31300,32400,151734,972000.0,30000000.0
2007-03-12,32400,32650,31900,32300,165020,969000.0,30000000.0
2007-03-13,32300,32400,31600,32050,132680,961500.0,30000000.0
2007-03-14,31500,32400,31100,31650,108510,949500.0,30000000.0
2007-03-15,32200,32200,31700,32200,46368,966000.0,30000000.0
2007-03-16,32200,32600,31800,32550,85863,976500.0,30000000.0
2007-03-19,32500,33200,32050,33000,125394,990000.0,30000000.0
2007-03-20,32750,33300,32650,33200,189010,996000.0,30000000.0
2007-03-21,33250,33650,32900,33500,148540,1005000.0,30000000.0
2007-03-22,33500,34400,33100,34400,206342,1032000.0,30000000.0
2007-03-23,34050,34150,33550,33550,69068,1006500.0,30000000.0
2007-03-26,33500,35100,33400,35000,150060,1050000.0,30000000.0
2007-03-27,35200,35200,34500,34850,49301,1045500.0,30000000.0
2007-03-28,34250,34800,33800,34700,65180,1041000.0,30000000.0
2007-03-29,34700,34950,33800,34900,56550,1047000.0,30000000.0
2007-03-30,34550,35100,34400,34900,36470,1047000.0,30000000.0
2007-04-02,35100,35100,33800,35000,72940,1050000.0,30000000.0
2007-04-03,35000,35000,34300,34900,63700,1047000.0,30000000.0
2007-04-04,34450,34900,34300,34550,70394,1036500.0,30000000.0
2007-04-05,34450,35400,34050,35400,83330,1062000.0,30000000.0
2007-04-06,35400,35400,34800,35400,50310,1062000.0,30000000.0
2007-04-09,35550,36350,35500,36000,174430,1080000.0,30000000.0
2007-04-10,36250,36250,35050,35700,90700,1071000.0,30000000.0
2007-04-11,35900,35950,34550,35200,163780,1056000.0,30000000.0
2007-04-12,34600,34850,33750,34500,311684,1035000.0,30000000.0
2007-04-13,34500,34800,33750,34800,124070,1044000.0,30000000.0
2007-04-16,35100,36600,34600,36600,201152,1098000.0,30000000.0
2007-04-17,36600,36650,35100,35650,162481,1069500.0,30000000.0
2007-04-18,35750,36000,35150,35700,143802,1071000.0,30000000.0
2007-04-19,35500,35500,34250,34850,111601,1045500.0,30000000.0
2007-04-20,34350,35700,34350,35700,220280,1071000.0,30000000.0
2007-04-23,35700,38000,35700,37200,478983,1116000.0,30000000.0
2007-04-24,37000,38900,37000,38750,338949,1162500.0,30000000.0
2007-04-25,38850,39800,38000,39500,224893,1185000.0,30000000.0
2007-04-26,39750,39900,38600,38950,226925,1168500.0,30000000.0
2007-04-27,38550,39700,37550,39700,153476,1191000.0,30000000.0
2007-04-30,39000,39250,37050,39000,320804,1170000.0,30000000.0
2007-05-02,38500,39100,37900,38500,85913,1155000.0,30000000.0
2007-05-03,38550,38700,37400,37400,226181,1122000.0,30000000.0
2007-05-04,37450,37550,36950,37350,247223,1120500.0,30000000.0
2007-05-07,37550,38000,36950,37350,193396,1120500.0,30000000.0
2007-05-08,37400,38350,37400,38000,394812,1140000.0,30000000.0
2007-05-09,38300,38750,37500,38500,158220,1155000.0,30000000.0
2007-05-10,38500,39650,38100,38300,237360,1149000.0,30000000.0
2007-05-11,37800,38200,36900,37300,176396,1119000.0,30000000.0
2007-05-14,37400,37800,36000,36950,169100,1108500.0,30000000.0
2007-05-15,36950,37300,35900,35900,94566,1077000.0,30000000.0
2007-05-16,35900,36450,35100,36350,332041,1090500.0,30000000.0
2007-05-17,36700,37150,36400,37150,91289,1114500.0,30000000.0
2007-05-18,37150,37200,36150,36650,77282,1099500.0,30000000.0
2007-05-21,36550,36900,36200,36700,69452,1101000.0,30000000.0
2007-05-22,36700,38000,36150,37700,253772,1131000.0,30000000.0
2007-05-23,37800,38250,37200,37600,97273,1128000.0,30000000.0
2007-05-25,37150,37500,36600,37000,88573,1110000.0,30000000.0
2007-05-28,37250,37450,36500,37450,84407,1123500.0,30000000.0
2007-05-29,37600,37800,37000,37700,176483,1131000.0,30000000.0
2007-05-30,37900,38700,37250,38000,211522,1140000.0,30000000.0
2007-05-31,38100,41800,38100,41800,607164,1254000.0,30000000.0
2007-06-01,41200,42000,40800,42000,298570,1260000.0,30000000.0
2007-06-04,42000,43800,40900,41600,163693,1248000.0,30000000.0
2007-06-05,41150,41900,40100,41200,280140,1236000.0,30000000.0
2007-06-07,41000,43200,40050,42900,153976,1287000.0,30000000.0
2007-06-08,42500,42500,41000,41250,125237,1237500.0,30000000.0
2007-06-11,41600,41750,39050,40000,157526,1200000.0,30000000.0
2007-06-12,40000,40650,39600,40500,198559,1215000.0,30000000.0
2007-06-13,40000,40500,39600,39800,168844,1194000.0,30000000.0
2007-06-14,40100,43500,39600,42350,499254,1270500.0,30000000.0
2007-06-15,42000,42100,40850,41200,198861,1236000.0,30000000.0
2007-06-18,41000,42350,40900,42000,198529,1260000.0,30000000.0
2007-06-19,42000,42000,40950,41900,141202,1257000.0,30000000.0
2007-06-20,41600,41900,39250,41300,145181,1239000.0,30000000.0
2007-06-21,40600,41250,40150,41250,85141,1237500.0,30000000.0
2007-06-22,41600,41650,40150,40600,104419,1218000.0,30000000.0
2007-06-25,40000,40400,39150,39600,94201,1188000.0,30000000.0
2007-06-26,39200,39750,38000,38550,95387,1156500.0,30000000.0
2007-06-27,38150,38950,37250,38950,90317,1168500.0,30000000.0
2007-06-28,39000,39600,38500,39600,54880,1188000.0,30000000.0
2007-06-29,39250,40250,38700,39050,169318,1171500.0,30000000.0
2007-07-02,38450,38800,38100,38200,266980,1146000.0,30000000.0
2007-07-03,38650,39750,38650,39600,213923,1188000.0,30000000.0
2007-07-04,40300,40950,39800,40950,232826,1228500.0,30000000.0
2007-07-05,41000,42400,40400,40950,216269,1228500.0,30000000.0
2007-07-06,41100,42000,40000,40800,219264,1224000.0,30000000.0
2007-07-09,40500,41350,40350,40800,179548,1224000.0,30000000.0
2007-07-10,41200,41200,39000,39350,209360,1180500.0,30000000.0
2007-07-11,39250,39850,38650,39850,249224,1195500.0,30000000.0
2007-07-12,40050,42650,39450,42600,390306,1278000.0,30000000.0
2007-07-13,42750,43400,41800,43000,217954,1290000.0,30000000.0
2007-07-16,42550,43000,41750,42100,96215,1263000.0,30000000.0
2007-07-18,42500,46000,41600,45000,423077,1350000.0,30000000.0
2007-07-19,44950,46200,44200,44450,152453,1333500.0,30000000.0
2007-07-20,45000,48500,44100,48200,378702,1446000.0,30000000.0
2007-07-23,48000,50100,47500,50000,298648,1500000.0,30000000.0
2007-07-24,49700,50300,48800,49200,225004,1476000.0,30000000.0
2007-07-25,48900,50400,47550,50400,155190,1512000.0,30000000.0
2007-07-26,50200,50500,48800,49000,168955,1470000.0,30000000.0
2007-07-27,48400,48800,45100,46100,195567,1383000.0,30000000.0
2007-07-30,45500,48900,45500,48900,129386,1467000.0,30000000.0
2007-07-31,48500,52900,48400,52500,180670,1575000.0,30000000.0
2007-08-01,52000,54000,49500,52900,233086,1587000.0,30000000.0
2007-08-02,53900,53900,50600,51800,209085,1554000.0,30000000.0
2007-08-03,52500,54800,52500,53000,259157,1590000.0,30000000.0
2007-08-06,52000,54200,51600,54100,106513,1623000.0,30000000.0
2007-08-07,54900,56500,53700,54800,162518,1644000.0,30000000.0
2007-08-08,54600,55300,53500,54800,119979,1644000.0,30000000.0
2007-08-09,56000,56600,55400,55700,128966,1671000.0,30000000.0
2007-08-10,54100,55100,51800,54000,196309,1620000.0,30000000.0
2007-08-13,53600,53900,50900,51400,135397,1542000.0,30000000.0
2007-08-14,51100,51900,48000,48000,261586,1440000.0,30000000.0
2007-08-16,45000,46600,44150,44150,230615,1324500.0,30000000.0
2007-08-17,46000,46600,41550,41700,237510,1251000.0,30000000.0
2007-08-20,43500,45500,42800,45300,249784,1359000.0,30000000.0
2007-08-21,45750,47300,44500,47050,156286,1411500.0,30000000.0
2007-08-22,47450,49350,46500,48050,109950,1441500.0,30000000.0
2007-08-23,48950,49450,48050,49450,110566,1483500.0,30000000.0
2007-08-24,49350,49400,48050,49200,62509,1476000.0,30000000.0
2007-08-27,49900,51100,48100,49100,93892,1473000.0,30000000.0
2007-08-28,48400,51400,48400,51400,100152,1542000.0,30000000.0
2007-08-29,49700,53200,49600,52500,188408,1575000.0,30000000.0
2007-08-30,53600,54400,52100,54400,116292,1632000.0,30000000.0
2007-08-31,54000,54500,53200,53700,210063,1611000.0,30000000.0
2007-09-03,54100,54100,52800,54000,111557,1620000.0,30000000.0
2007-09-04,53300,54000,52900,53000,62048,1590000.0,30000000.0
2007-09-05,53500,53600,51500,52700,105644,1581000.0,30000000.0
2007-09-06,52100,55200,52000,55000,127754,1650000.0,30000000.0
2007-09-07,54800,55200,53400,54000,120829,1620000.0,30000000.0
2007-09-10,52600,52900,51000,51700,79818,1551000.0,30000000.0
2007-09-11,52300,52500,51200,52000,54429,1560000.0,30000000.0
2007-09-12,52000,53000,51100,52000,195172,1560000.0,30000000.0
2007-09-13,51500,53400,51100,52300,95679,1569000.0,30000000.0
2007-09-14,52600,54600,52600,53700,106721,1611000.0,30000000.0
2007-09-17,54900,57500,54300,57000,189570,1710000.0,30000000.0
2007-09-18,57000,58200,56300,57000,143030,1710000.0,30000000.0
2007-09-19,58100,58900,56200,58900,197897,1767000.0,30000000.0
2007-09-20,58000,58900,57700,57800,97353,1734000.0,30000000.0
2007-09-21,57800,63400,57000,61600,441828,1848000.0,30000000.0
2007-09-27,62200,65000,62200,63300,363657,1899000.0,30000000.0
2007-09-28,63500,65300,63000,65300,142286,1959000.0,30000000.0
2007-10-01,64400,66300,64400,65100,99612,1953000.0,30000000.0
2007-10-02,66000,66800,63800,66800,239316,2004000.0,30000000.0
2007-10-04,67000,69800,64500,66400,350660,1992000.0,30000000.0
2007-10-05,65600,67200,63900,67100,462028,2013000.0,30000000.0
2007-10-08,67500,67900,65600,66600,418860,1998000.0,30000000.0
2007-10-09,66600,69300,66000,68300,589091,2049000.0,30000000.0
2007-10-10,69000,74900,69000,73200,493859,2196000.0,30000000.0
2007-10-11,73300,74700,71900,73000,345361,2190000.0,30000000.0
2007-10-12,71900,74000,70700,73000,202630,2190000.0,30000000.0
2007-10-15,73000,73400,71500,72800,288418,2184000.0,30000000.0
2007-10-16,72000,73000,70400,72000,260711,2160000.0,30000000.0
2007-10-17,71200,72000,67400,69000,287245,2070000.0,30000000.0
2007-10-18,69200,72300,68100,71900,361266,2157000.0,30000000.0
2007-10-19,71900,72500,69600,71500,182043,2145000.0,30000000.0
2007-10-22,67200,69900,65900,69900,177811,2097000.0,30000000.0
2007-10-23,72700,72700,69500,71900,248892,2157000.0,30000000.0
2007-10-24,72000,72500,69300,71500,197674,2145000.0,30000000.0
2007-10-25,71600,72900,68100,70000,248938,2100000.0,30000000.0
2007-10-26,71400,72100,70100,70200,234279,2106000.0,30000000.0
2007-10-29,72300,75000,71200,74500,267795,2235000.0,30000000.0
2007-10-30,76400,78000,74900,75000,249402,2250000.0,30000000.0
2007-10-31,75000,76300,73100,75600,156274,2268000.0,30000000.0
2007-11-01,76600,79800,76600,79500,319787,2385000.0,30000000.0
2007-11-02,77400,81700,77000,78300,151483,2349000.0,30000000.0
2007-11-05,78500,79800,76000,79800,173900,2394000.0,30000000.0
2007-11-06,80300,81300,78900,80400,114417,2412000.0,30000000.0
2007-11-07,82000,83400,76800,77800,387469,2334000.0,30000000.0
2007-11-08,76800,76800,70700,71700,509771,2151000.0,30000000.0
2007-11-09,71700,72600,69600,72300,217385,2169000.0,30000000.0
2007-11-12,70300,70700,65000,69600,270366,2088000.0,30000000.0
2007-11-13,68000,70100,65700,70000,228428,2100000.0,30000000.0
2007-11-14,72000,72000,64600,66500,331778,1995000.0,30000000.0
2007-11-15,66500,67000,59300,62500,418063,1875000.0,30000000.0
2007-11-16,59900,62500,56900,62500,513613,1875000.0,30000000.0
2007-11-19,62700,63000,61100,61500,166965,1845000.0,30000000.0
2007-11-20,59700,60700,57200,59700,149021,1791000.0,30000000.0
2007-11-21,60500,61600,58100,58200,161540,1746000.0,30000000.0
2007-11-22,58000,59900,56800,56800,111621,1704000.0,30000000.0
2007-11-23,56800,57600,48300,50600,382501,1518000.0,30000000.0
2007-11-26,52500,55600,51100,55600,365155,1668000.0,30000000.0
2007-11-27,53500,58300,51600,58100,428812,1743000.0,30000000.0
2007-11-28,58500,58500,55500,56300,185725,1689000.0,30000000.0
2007-11-29,57900,58100,55900,56100,185524,1683000.0,30000000.0
2007-11-30,56700,59500,56700,58400,250400,1752000.0,30000000.0
2007-12-03,59100,60500,57800,58000,205973,1740000.0,30000000.0
2007-12-04,58100,59400,57800,58800,121744,1764000.0,30000000.0
2007-12-05,58800,63000,58300,62500,248281,1875000.0,30000000.0
2007-12-06,63500,63800,61900,63000,226394,1890000.0,30000000.0
2007-12-07,63500,63700,60000,62000,184346,1860000.0,30000000.0
2007-12-10,62100,62600,58500,59000,375538,1770000.0,30000000.0
2007-12-11,60000,60100,58100,58500,295950,1755000.0,30000000.0
2007-12-12,57500,60400,57000,60400,226756,1812000.0,30000000.0
2007-12-13,60200,61300,59300,59900,335152,1797000.0,30000000.0
2007-12-14,60400,60600,58500,58500,145423,1755000.0,30000000.0
2007-12-17,57700,59500,54500,54500,209859,1635000.0,30000000.0
2007-12-18,53000,55400,52700,54400,135592,1632000.0,30000000.0
2007-12-20,55200,55400,52600,52600,107087,1578000.0,30000000.0
2007-12-21,52600,53400,50100,52600,151110,1578000.0,30000000.0
2007-12-24,53900,55300,53300,54500,111847,1635000.0,30000000.0
2007-12-26,55200,56400,54200,54200,162141,1626000.0,30000000.0
2007-12-27,54200,56400,53600,56100,82032,1683000.0,30000000.0
2007-12-28,55500,57100,54900,55600,82325,1668000.0,30000000.0
2008-01-02,55600,56600,54000,55100,106893,1653000.0,30000000.0
2008-01-03,55100,58200,53800,58200,110356,1746000.0,30000000.0
2008-01-04,58000,58800,56600,58700,101305,1761000.0,30000000.0
2008-01-07,56400,58700,56400,57900,69082,1737000.0,30000000.0
2008-01-08,57700,58900,56500,58200,52302,1746000.0,30000000.0
2008-01-09,57200,58900,56400,58900,63594,1767000.0,30000000.0
2008-01-10,59000,59300,57300,57300,67205,1719000.0,30000000.0
2008-01-11,57800,58200,55100,56600,83577,1698000.0,30000000.0
2008-01-14,56400,57400,54900,55700,93091,1671000.0,30000000.0
2008-01-15,55700,58300,55500,57600,106040,1728000.0,30000000.0
2008-01-16,57500,57500,55800,56800,71081,1704000.0,30000000.0
2008-01-17,56900,58100,54600,55500,147627,1665000.0,30000000.0
2008-01-18,54800,55500,51900,55100,144825,1653000.0,30000000.0
2008-01-21,54600,54900,49250,51000,164776,1530000.0,30000000.0
2008-01-22,49000,51500,45800,51500,142174,1545000.0,30000000.0
2008-01-23,52300,52300,48100,49000,153079,1470000.0,30000000.0
2008-01-24,50000,51200,49900,50600,66868,1518000.0,30000000.0
2008-01-25,51500,53600,50700,53100,107896,1593000.0,30000000.0
2008-01-28,52300,52900,49800,51800,85655,1554000.0,30000000.0
2008-01-29,52000,53400,51500,52000,47913,1560000.0,30000000.0
2008-01-30,51800,52600,48000,49750,121846,1492500.0,30000000.0
2008-01-31,49200,51300,47500,50200,99808,1506000.0,30000000.0
2008-02-01,49800,51200,48600,50000,105937,1500000.0,30000000.0
2008-02-04,50700,53500,50300,52300,118187,1569000.0,30000000.0
2008-02-05,51700,55100,51700,53900,104078,1617000.0,30000000.0
2008-02-11,51800,52700,51100,52500,63058,1575000.0,30000000.0
2008-02-12,52500,52600,51100,51100,84886,1533000.0,30000000.0
2008-02-13,51400,51900,49500,49500,60516,1485000.0,30000000.0
2008-02-14,50700,53300,50500,53300,90219,1599000.0,30000000.0
2008-02-15,52300,55500,51800,55000,141065,1650000.0,30000000.0
2008-02-18,55000,56400,53600,54800,132183,1644000.0,30000000.0
2008-02-19,55600,56700,54000,56500,103754,1695000.0,30000000.0
2008-02-20,55600,56700,54200,55500,100983,1665000.0,30000000.0
2008-02-21,55800,56200,55000,55500,95719,1665000.0,30000000.0
2008-02-22,55000,55000,54000,54400,50161,1632000.0,30000000.0
2008-02-25,54800,56500,54700,56300,80759,1689000.0,30000000.0
2008-02-26,56900,57200,56500,57000,94764,1710000.0,30000000.0
2008-02-27,57900,58000,56200,58000,149597,1740000.0,30000000.0
2008-02-28,57800,57800,57000,57500,61820,1725000.0,30000000.0
2008-02-29,56800,56800,55700,56000,104643,1680000.0,30000000.0
2008-03-03,54100,54800,53800,54100,93757,1623000.0,30000000.0
2008-03-04,54400,56000,54200,55700,83615,1671000.0,30000000.0
2008-03-05,56200,56400,55500,56000,76515,1680000.0,30000000.0
2008-03-06,56100,59000,55500,58800,138718,1764000.0,30000000.0
2008-03-07,57700,59600,57200,59600,137731,1788000.0,30000000.0
2008-03-10,58300,59400,58100,59000,149112,1770000.0,30000000.0
2008-03-11,58800,60700,58400,60200,156300,1806000.0,30000000.0
2008-03-12,61000,61800,60400,61200,175555,1836000.0,30000000.0
2008-03-13,61000,61800,58900,60100,118409,1803000.0,30000000.0
2008-03-14,60900,62000,58500,60100,113803,1803000.0,30000000.0
2008-03-17,60300,60700,57000,58800,88889,1764000.0,30000000.0
2008-03-18,58700,60300,57300,58000,57546,1740000.0,30000000.0
2008-03-19,59100,62000,58300,60500,142942,1815000.0,30000000.0
2008-03-20,60500,62700,60000,62500,169694,1875000.0,30000000.0
2008-03-21,63000,63000,61000,62900,104169,1887000.0,30000000.0
2008-03-24,62800,63000,61200,62100,88602,1863000.0,30000000.0
2008-03-25,62000,62600,60400,61700,125502,1851000.0,30000000.0
2008-03-26,61300,61500,59800,60000,140661,1800000.0,30000000.0
2008-03-27,60000,62000,60000,61000,137528,1830000.0,30000000.0
2008-03-28,60700,62500,60700,61500,170780,1845000.0,30000000.0
2008-03-31,61700,61900,59700,61000,158421,1830000.0,30000000.0
2008-04-01,60700,62200,59700,60000,92464,1800000.0,30000000.0
2008-04-02,61000,61400,57500,58000,259144,1740000.0,30000000.0
2008-04-03,58500,59000,57700,58200,117777,1746000.0,30000000.0
2008-04-04,58500,59100,57700,57700,104677,1731000.0,30000000.0
2008-04-07,57900,58600,57200,58200,143799,1746000.0,30000000.0
2008-04-08,58400,59300,57000,57300,155011,1719000.0,30000000.0
2008-04-10,57300,57400,56400,56700,121930,1701000.0,30000000.0
2008-04-11,57300,57700,56400,56900,114956,1707000.0,30000000.0
2008-04-14,56400,56700,52900,54000,183975,1620000.0,30000000.0
2008-04-15,53600,54100,51200,51500,513269,1545000.0,30000000.0
2008-04-16,51700,53400,51700,53000,194515,1590000.0,30000000.0
2008-04-17,53500,53700,52800,53300,161897,1599000.0,30000000.0
2008-04-18,53500,55200,53500,54800,145818,1644000.0,30000000.0
2008-04-21,55500,55900,54500,55000,169628,1650000.0,30000000.0
2008-04-22,55100,55200,53800,54500,105426,1635000.0,30000000.0
2008-04-23,55100,56800,54600,56800,182731,1704000.0,30000000.0
2008-04-24,56800,57200,55500,55500,120841,1665000.0,30000000.0
2008-04-25,56000,56500,53800,54300,182357,1629000.0,30000000.0
2008-04-28,55000,55000,52100,52700,171609,1581000.0,30000000.0
2008-04-29,53000,53200,50300,50600,246595,1518000.0,30000000.0
2008-04-30,50700,51300,49700,50100,307224,1503000.0,30000000.0
2008-05-02,50900,51800,50900,51100,188458,1533000.0,30000000.0
2008-05-06,51400,53700,51300,53700,180261,1611000.0,30000000.0
2008-05-07,54000,54000,52400,53600,203849,1608000.0,30000000.0
2008-05-08,52400,53300,52200,53000,114077,1590000.0,30000000.0
2008-05-09,52600,53000,50500,51000,188349,1530000.0,30000000.0
2008-05-13,51300,51700,50800,51500,100993,1545000.0,30000000.0
2008-05-14,51200,52000,50400,50800,110037,1524000.0,30000000.0
2008-05-15,50800,51700,50800,51600,185650,1548000.0,30000000.0
2008-05-16,52100,52100,51100,51600,137438,1548000.0,30000000.0
2008-05-19,51800,51800,50700,51000,141969,1530000.0,30000000.0
2008-05-20,51700,54400,51700,54100,484190,1623000.0,30000000.0
2008-05-21,53800,54600,53000,53200,227319,1596000.0,30000000.0
2008-05-22,52700,53900,51200,53500,216786,1605000.0,30000000.0
2008-05-23,53200,53700,52000,52600,193551,1578000.0,30000000.0
2008-05-26,52600,53600,51200,52000,163879,1560000.0,30000000.0
2008-05-27,51700,53000,51700,52700,146512,1581000.0,30000000.0
2008-05-28,53000,53700,51500,51500,192224,1545000.0,30000000.0
2008-05-29,52000,53800,51800,53700,164434,1611000.0,30000000.0
2008-05-30,54000,55800,53200,55000,376854,1650000.0,30000000.0
2008-06-02,55100,55700,54100,55400,201650,1662000.0,30000000.0
2008-06-03,54700,55300,54100,55300,99015,1659000.0,30000000.0
2008-06-04,55000,55600,54200,55000,125364,1650000.0,30000000.0
2008-06-05,54700,55600,53900,54600,106807,1638000.0,30000000.0
2008-06-09,53200,54100,52600,53300,131556,1599000.0,30000000.0
2008-06-10,53500,53700,51200,51700,149148,1551000.0,30000000.0
2008-06-11,51900,53200,50900,52200,116001,1566000.0,30000000.0
2008-06-12,51700,52700,51200,52400,129966,1572000.0,30000000.0
2008-06-13,53000,53300,51600,53200,108778,1596000.0,30000000.0
2008-06-16,53500,54400,52600,53300,236770,1599000.0,30000000.0
2008-06-17,53300,54200,52800,54000,141320,1620000.0,30000000.0
2008-06-18,53600,54500,53200,54400,150663,1632000.0,30000000.0
2008-06-19,54300,54300,51800,52900,124764,1587000.0,30000000.0
2008-06-20,52700,53800,51700,52000,91960,1560000.0,30000000.0
2008-06-23,51500,52100,50200,52100,84512,1563000.0,30000000.0
2008-06-24,51500,52700,51300,52300,57613,1569000.0,30000000.0
2008-06-25,51900,52700,51300,52700,49265,1581000.0,30000000.0
2008-06-26,52100,52900,51600,52900,76318,1587000.0,30000000.0
2008-06-27,51200,52400,51000,52400,99057,1572000.0,30000000.0
2008-06-30,52200,52300,51000,51400,101555,1542000.0,30000000.0
2008-07-01,51000,51900,49050,49600,146794,1488000.0,30000000.0
2008-07-02,49300,49300,43500,45350,274607,1360500.0,30000000.0
2008-07-03,44000,46500,43500,45850,138474,1375500.0,30000000.0
2008-07-04,45050,46250,43550,44300,106539,1329000.0,30000000.0
2008-07-07,43500,44500,42350,42950,134188,1288500.0,30000000.0
2008-07-08,42250,42650,38100,40800,229641,1224000.0,30000000.0
2008-07-09,41500,41550,38850,38850,207078,1165500.0,30000000.0
2008-07-10,37500,41750,37500,41750,210694,1252500.0,30000000.0
2008-07-11,41750,43400,40200,43400,143855,1302000.0,30000000.0
2008-07-14,42950,43000,41600,42100,85404,1263000.0,30000000.0
2008-07-15,41450,41450,39650,40000,95712,1200000.0,30000000.0
2008-07-16,40100,40850,38800,40750,114822,1222500.0,30000000.0
2008-07-17,42000,42100,40650,41250,128580,1237500.0,30000000.0
2008-07-18,41700,42000,40850,41200,83628,1236000.0,30000000.0
2008-07-21,41500,42700,41150,42500,107579,1275000.0,30000000.0
2008-07-22,41800,43100,41500,42500,74251,1275000.0,30000000.0
2008-07-23,43400,43750,42600,43750,161150,1312500.0,30000000.0
2008-07-24,43750,45100,43650,45100,269160,1353000.0,30000000.0
2008-07-25,44000,46500,43900,45600,126557,1368000.0,30000000.0
2008-07-28,45700,46200,43300,44950,168031,1348500.0,30000000.0
2008-07-29,43650,44500,42300,44500,131676,1335000.0,30000000.0
2008-07-30,45100,45500,43850,44950,77055,1348500.0,30000000.0
2008-07-31,45700,45700,44700,45550,102911,1366500.0,30000000.0
2008-08-01,45200,45200,43100,43900,95651,1317000.0,30000000.0
2008-08-04,43850,43900,41250,42000,85313,1260000.0,30000000.0
2008-08-05,41650,42900,41450,41500,79025,1245000.0,30000000.0
2008-08-06,42100,44450,42100,43550,113379,1306500.0,30000000.0
2008-08-07,43600,44650,43600,44150,95226,1324500.0,30000000.0
2008-08-08,43200,44650,42850,44550,68955,1336500.0,30000000.0
2008-08-11,44750,45500,44250,44800,90081,1344000.0,30000000.0
2008-08-12,44700,45200,43800,44000,64359,1320000.0,30000000.0
2008-08-13,43900,44200,42200,43400,66694,1302000.0,30000000.0
2008-08-14,43350,44000,42400,43700,95907,1311000.0,30000000.0
2008-08-18,44350,44350,42500,42500,48106,1275000.0,30000000.0
2008-08-19,42150,42900,41550,42400,36432,1272000.0,30000000.0
2008-08-20,42250,43800,41900,43800,107121,1314000.0,30000000.0
2008-08-21,43400,43900,42400,43900,69580,1317000.0,30000000.0
2008-08-22,43400,43500,42400,43300,73577,1299000.0,30000000.0
2008-08-25,42900,43600,42900,43600,94601,1308000.0,30000000.0
2008-08-26,43250,44350,42750,44250,88456,1327500.0,30000000.0
2008-08-27,44250,46000,43450,46000,163117,1380000.0,30000000.0
2008-08-28,46000,46000,44450,45500,89924,1365000.0,30000000.0
2008-08-29,45750,47250,45400,46800,123605,1404000.0,30000000.0
2008-09-01,46100,47550,45550,45550,164188,1366500.0,30000000.0
2008-09-02,45500,46800,44200,44500,117775,1335000.0,30000000.0
2008-09-03,45500,45500,43650,43700,84709,1311000.0,30000000.0
2008-09-04,43500,43700,42400,43550,121160,1306500.0,30000000.0
2008-09-05,42550,43300,42350,42900,69509,1287000.0,30000000.0
2008-09-08,43300,44850,43100,44700,107155,1341000.0,30000000.0
2008-09-09,44200,44900,43200,44800,120544,1344000.0,30000000.0
2008-09-10,44200,45500,43900,45500,94874,1365000.0,30000000.0
2008-09-11,45500,45700,44150,44150,139104,1324500.0,30000000.0
2008-09-12,44400,47300,44400,47300,120941,1419000.0,30000000.0
2008-09-16,44000,46000,43700,44950,95480,1348500.0,30000000.0
2008-09-17,46000,47700,45650,46300,120592,1389000.0,30000000.0
2008-09-18,45750,46400,44350,46400,135964,1392000.0,30000000.0
2008-09-19,47800,48150,46900,47300,154619,1419000.0,30000000.0
2008-09-22,47400,48350,47050,47450,78375,1423500.0,30000000.0
2008-09-23,47700,48850,47300,48600,100747,1458000.0,30000000.0
2008-09-24,48600,49700,48100,49600,69105,1488000.0,30000000.0
2008-09-25,49200,49700,48400,49700,72450,1491000.0,30000000.0
2008-09-26,49150,49650,47900,49350,73743,1480500.0,30000000.0
2008-09-29,49600,49850,48100,49200,64708,1476000.0,30000000.0
2008-09-30,46700,49800,46500,49100,81616,1473000.0,30000000.0
2008-10-01,49100,49200,48300,49000,43074,1470000.0,30000000.0
2008-10-02,49400,50500,48800,49300,70004,1479000.0,30000000.0
2008-10-06,48600,48600,47300,48100,87890,1443000.0,30000000.0
2008-10-07,47000,48050,46850,47450,80486,1423500.0,30000000.0
2008-10-08,46250,46900,43500,43500,86458,1305000.0,30000000.0
2008-10-09,43500,46000,42750,42750,114888,1282500.0,30000000.0
2008-10-10,42750,42750,39500,41950,154398,1258500.0,30000000.0
2008-10-13,43000,44850,42650,44850,104668,1345500.0,30000000.0
2008-10-14,46500,47150,45700,47150,112844,1414500.0,30000000.0
2008-10-15,46000,46800,45600,46800,77149,1404000.0,30000000.0
2008-10-16,44500,46000,43200,46000,86724,1380000.0,30000000.0
2008-10-17,45650,45800,43500,44700,123418,1341000.0,30000000.0
2008-10-20,45700,45850,43150,45500,65927,1365000.0,30000000.0
2008-10-21,45900,45900,42750,44000,132104,1320000.0,30000000.0
2008-10-22,44400,44650,37550,41750,88813,1252500.0,30000000.0
2008-10-23,41500,41800,37700,41750,141467,1252500.0,30000000.0
2008-10-24,41700,41700,37050,39000,139835,1170000.0,30000000.0
2008-10-27,37850,38900,34200,36400,192143,1092000.0,30000000.0
2008-10-28,33000,38250,33000,38000,214677,1140000.0,30000000.0
2008-10-29,39200,40600,33200,34150,254167,1024500.0,30000000.0
2008-10-30,36550,37350,33500,35600,908600,1068000.0,30000000.0
2008-10-31,35250,36200,33300,35600,625668,1068000.0,30000000.0
2008-11-03,36300,39300,35900,38500,787821,1155000.0,30000000.0
2008-11-04,39300,39400,37100,39400,437040,1182000.0,30000000.0
2008-11-05,40700,41850,38450,39750,450069,1192500.0,30000000.0
2008-11-06,38000,38400,36300,37050,139125,1111500.0,30000000.0
2008-11-07,35800,38850,35000,38600,185276,1158000.0,30000000.0
2008-11-10,39000,41150,38600,40150,264612,1204500.0,30000000.0
2008-11-11,39500,41750,38950,41000,171613,1230000.0,30000000.0
2008-11-12,39950,40750,39300,40000,171963,1200000.0,30000000.0
2008-11-13,38350,38500,36550,38500,147401,1155000.0,30000000.0
2008-11-14,39500,40000,37500,37800,166735,1134000.0,30000000.0
2008-11-17,37100,38750,36050,37800,83291,1134000.0,30000000.0
2008-11-18,37050,38300,36600,37300,85018,1119000.0,30000000.0
2008-11-19,37700,38450,35650,38200,135757,1146000.0,30000000.0
2008-11-20,36300,37800,36050,37000,97122,1110000.0,30000000.0
2008-11-21,36400,39500,35900,39400,129052,1182000.0,30000000.0
2008-11-24,39000,39900,38150,39000,101601,1170000.0,30000000.0
2008-11-25,40000,40650,38800,39800,151522,1194000.0,30000000.0
2008-11-26,40100,41150,39800,41000,180129,1230000.0,30000000.0
2008-11-27,41400,41500,39900,41450,283626,1243500.0,30000000.0
2008-11-28,41450,42000,40700,42000,144926,1260000.0,30000000.0
2008-12-01,41550,42000,40950,40950,87637,1228500.0,30000000.0
2008-12-02,38200,39850,38100,39200,117230,1176000.0,30000000.0
2008-12-03,39450,39550,37550,39100,293153,1173000.0,30000000.0
2008-12-04,39200,39500,38700,39350,78367,1180500.0,30000000.0
2008-12-05,39200,39950,38850,39950,67215,1198500.0,30000000.0
2008-12-08,40400,43250,40050,42250,246581,1267500.0,30000000.0
2008-12-09,42800,42950,41800,42500,119910,1275000.0,30000000.0
2008-12-10,42950,44700,42500,44300,133421,1329000.0,30000000.0
2008-12-11,43550,44500,43100,44500,150693,1335000.0,30000000.0
2008-12-12,43500,44300,41900,43600,100689,1308000.0,30000000.0
2008-12-15,44200,45850,43800,45850,142716,1375500.0,30000000.0
2008-12-16,45150,46450,44550,46200,94305,1386000.0,30000000.0
2008-12-17,46600,47000,44050,44950,141352,1348500.0,30000000.0
2008-12-18,45000,45850,44050,45100,108873,1353000.0,30000000.0
2008-12-19,45000,46100,44450,45950,120988,1378500.0,30000000.0
2008-12-22,45500,45900,44750,45800,142514,1374000.0,30000000.0
2008-12-23,45650,45900,44050,44050,92431,1321500.0,30000000.0
2008-12-24,43900,45300,42600,45300,116322,1359000.0,30000000.0
2008-12-26,45050,45300,43500,45200,106563,1356000.0,30000000.0
2008-12-29,44350,46550,43700,46550,69235,1396500.0,30000000.0
2008-12-30,46200,49200,45850,49200,208277,1476000.0,30000000.0
2009-01-02,48200,48400,47000,47000,124223,1410000.0,30000000.0
2009-01-05,47700,48400,46950,46950,80578,1408500.0,30000000.0
2009-01-06,47650,49150,47350,48500,104882,1455000.0,30000000.0
2009-01-07,48000,48850,47600,48400,88182,1452000.0,30000000.0
2009-01-08,48300,49500,48000,49500,246170,1485000.0,30000000.0
2009-01-09,49500,49900,48500,48650,188223,1459500.0,30000000.0
2009-01-12,48650,49400,47700,48250,58011,1447500.0,30000000.0
2009-01-13,48250,49050,46600,49000,96475,1470000.0,30000000.0
2009-01-14,48900,50000,48000,49700,96858,1491000.0,30000000.0
2009-01-15,48700,48700,47000,47050,103748,1411500.0,30000000.0
2009-01-16,47050,49100,46900,49000,90504,1470000.0,30000000.0
2009-01-19,49000,49700,47850,48900,102986,1467000.0,30000000.0
2009-01-20,48250,48300,47000,47000,52543,1410000.0,30000000.0
2009-01-21,45950,47050,45150,45800,52538,1374000.0,30000000.0
2009-01-22,46500,46650,45200,45800,78979,1374000.0,30000000.0
2009-01-23,45500,46500,44900,44900,52247,1347000.0,30000000.0
2009-01-28,45400,48300,45400,48200,75099,1446000.0,30000000.0
2009-01-29,47800,48950,47400,48000,65366,1440000.0,30000000.0
2009-01-30,47900,48500,47100,47550,68544,1426500.0,30000000.0
2009-02-02,46700,47150,45300,46600,114179,1398000.0,30000000.0
2009-02-03,46100,47150,45550,46000,160270,1380000.0,30000000.0
2009-02-04,46300,46600,44500,44800,458405,1344000.0,30000000.0
2009-02-05,44900,45550,44250,44250,315225,1327500.0,30000000.0
2009-02-06,45000,45500,44500,45250,310303,1357500.0,30000000.0
2009-02-09,45450,45550,44550,44550,199537,1336500.0,30000000.0
2009-02-10,44650,45100,43650,44000,154132,1320000.0,30000000.0
2009-02-11,43250,43300,42550,42750,249668,1282500.0,30000000.0
2009-02-12,43100,44300,42850,43800,267661,1314000.0,30000000.0
2009-02-13,44100,44450,43350,43600,147061,1308000.0,30000000.0
2009-02-16,43950,44700,43400,44100,260742,1323000.0,30000000.0
2009-02-17,44100,44250,41500,41550,228562,1246500.0,30000000.0
2009-02-18,40750,43700,40050,43250,398082,1297500.0,30000000.0
2009-02-19,43500,46700,43500,45900,831274,1377000.0,30000000.0
2009-02-20,45900,46350,44050,44600,221493,1338000.0,30000000.0
2009-02-23,45550,46850,43900,46650,418025,1399500.0,30000000.0
2009-02-24,45600,49800,45400,49150,633356,1474500.0,30000000.0
2009-02-25,49700,49900,47650,48250,441944,1447500.0,30000000.0
2009-02-26,48050,49750,45600,46700,385470,1401000.0,30000000.0
2009-02-27,46700,48000,45600,48000,281029,1440000.0,30000000.0
2009-03-02,46950,47900,45700,46800,151556,1404000.0,30000000.0
2009-03-03,46200,47100,44850,47000,130616,1410000.0,30000000.0
2009-03-04,46850,47050,45850,47050,216932,1411500.0,30000000.0
2009-03-05,47150,48350,46300,46800,213462,1404000.0,30000000.0
2009-03-06,46000,48150,45900,47700,184247,1431000.0,30000000.0
2009-03-09,48700,49650,47800,49300,182739,1479000.0,30000000.0
2009-03-10,49300,49450,48200,48200,120057,1446000.0,30000000.0
2009-03-11,48750,50900,48600,49800,327412,1494000.0,30000000.0
2009-03-12,49600,50600,48050,49450,234245,1483500.0,30000000.0
2009-03-13,49600,51200,49000,50400,251112,1512000.0,30000000.0
2009-03-16,50000,50900,49700,50000,174113,1500000.0,30000000.0
2009-03-17,50600,50800,49500,49800,150496,1494000.0,30000000.0
2009-03-18,50000,50200,48400,49250,202686,1477500.0,30000000.0
2009-03-19,49550,49800,48600,49250,140050,1477500.0,30000000.0
2009-03-20,49250,50200,48750,48750,129262,1462500.0,30000000.0
2009-03-23,49350,50700,49200,49950,155786,1498500.0,30000000.0
2009-03-24,50500,50700,49100,49950,167644,1498500.0,30000000.0
2009-03-25,49600,50600,49300,49850,255822,1495500.0,30000000.0
2009-03-26,50000,53000,49700,52100,413546,1563000.0,30000000.0
2009-03-27,53400,55500,52700,52800,419969,1584000.0,30000000.0
2009-03-30,53400,54100,52200,53000,181954,1590000.0,30000000.0
2009-03-31,53500,55300,53200,54100,204137,1623000.0,30000000.0
2009-04-01,54600,57200,54100,57000,333502,1710000.0,30000000.0
2009-04-02,57400,58800,56100,58500,224627,1755000.0,30000000.0
2009-04-03,58800,58800,57000,58200,163387,1746000.0,30000000.0
2009-04-06,57600,59000,57100,58200,165653,1746000.0,30000000.0
2009-04-07,58200,58400,56700,57700,111612,1731000.0,30000000.0
2009-04-08,57200,57200,55500,56500,126595,1695000.0,30000000.0
2009-04-09,55700,59300,55500,58700,889385,1761000.0,30000000.0
2009-04-10,59300,59500,57200,59200,260496,1776000.0,30000000.0
2009-04-13,59400,62000,58300,60900,284752,1827000.0,30000000.0
2009-04-14,61900,62100,59400,60800,252945,1824000.0,30000000.0
2009-04-15,59700,60100,57800,59000,352603,1770000.0,30000000.0
2009-04-16,59700,60600,58900,58900,390153,1767000.0,30000000.0
2009-04-17,59000,59700,56100,57900,244254,1737000.0,30000000.0
2009-04-20,57800,57900,56400,57900,107618,1737000.0,30000000.0
2009-04-21,56800,58700,56500,58700,170673,1761000.0,30000000.0
2009-04-22,61500,67500,61400,67300,1047886,2019000.0,30000000.0
2009-04-23,66900,66900,65000,66000,633856,1980000.0,30000000.0
2009-04-24,66500,71100,65000,67300,529104,2019000.0,30000000.0
2009-04-27,67800,69900,66600,67700,321882,2031000.0,30000000.0
2009-04-28,68800,70000,64500,66500,269319,1995000.0,30000000.0
2009-04-29,67000,69700,65300,69000,212254,2070000.0,30000000.0
2009-04-30,69900,74200,69800,72400,240234,2172000.0,30000000.0
2009-05-04,72700,73500,69400,72900,233229,2187000.0,30000000.0
2009-05-06,72000,72800,69300,70900,330288,2127000.0,30000000.0
2009-05-07,70600,71200,68400,70400,345004,2112000.0,30000000.0
2009-05-08,70000,70700,69100,70500,129155,2115000.0,30000000.0
2009-05-11,69800,72800,69500,71800,281915,2154000.0,30000000.0
2009-05-12,71100,72400,70300,71000,173041,2130000.0,30000000.0
2009-05-13,71100,75300,70700,75300,294832,2259000.0,30000000.0
2009-05-14,74000,74000,71500,72100,422498,2163000.0,30000000.0
2009-05-15,72500,72800,70200,71900,385690,2157000.0,30000000.0
2009-05-18,72400,74200,71500,72700,241603,2181000.0,30000000.0
2009-05-19,73700,77400,72300,76300,367565,2289000.0,30000000.0
2009-05-20,75800,80000,75100,79500,355244,2385000.0,30000000.0
2009-05-21,78800,82800,75800,78800,364075,2364000.0,30000000.0
2009-05-22,78600,90600,78500,84100,539011,2523000.0,30000000.0
2009-05-25,85400,90300,80100,90300,523205,2709000.0,30000000.0
2009-05-26,90600,97000,86200,90000,588947,2700000.0,30000000.0
2009-05-27,91200,91700,84500,85600,367153,2568000.0,30000000.0
2009-05-28,85000,85400,78700,84000,647414,2520000.0,30000000.0
2009-05-29,84000,84000,80700,80700,389948,2421000.0,30000000.0
2009-06-01,81000,86000,81000,85300,350675,2559000.0,30000000.0
2009-06-02,86600,87600,82800,84900,381601,2547000.0,30000000.0
2009-06-03,84800,84800,81000,81300,319160,2439000.0,30000000.0
2009-06-04,80700,83000,76400,76400,517813,2292000.0,30000000.0
2009-06-05,78400,79400,74700,77900,561022,2337000.0,30000000.0
2009-06-08,78500,79500,77300,77700,210557,2331000.0,30000000.0
2009-06-09,78800,81700,78000,78300,441876,2349000.0,30000000.0
2009-06-10,79500,81400,78600,81200,240707,2436000.0,30000000.0
2009-06-11,81800,82000,80200,81900,260065,2457000.0,30000000.0
2009-06-12,81800,82600,80900,81100,211475,2433000.0,30000000.0
2009-06-15,80500,81600,77600,78300,371840,2349000.0,30000000.0
2009-06-16,78600,79200,76700,76700,321435,2301000.0,30000000.0
2009-06-17,76300,78700,75900,77200,298505,2316000.0,30000000.0
2009-06-18,77100,77700,75100,76400,238611,2292000.0,30000000.0
2009-06-19,75300,78100,75300,77800,212530,2334000.0,30000000.0
2009-06-22,77400,78700,75800,78200,236968,2346000.0,30000000.0
2009-06-23,76300,76900,73300,74600,256704,2238000.0,30000000.0
2009-06-24,74300,74400,71400,73100,290597,2193000.0,30000000.0
2009-06-25,73100,77200,73100,76200,243314,2286000.0,30000000.0
2009-06-26,76200,76700,74900,76200,118015,2286000.0,30000000.0
2009-06-29,76200,77500,75300,75700,99522,2271000.0,30000000.0
2009-06-30,76500,77300,74400,76200,182404,2286000.0,30000000.0
2009-07-01,75100,76100,71900,73000,333542,2190000.0,30000000.0
2009-07-02,73400,73900,70100,71800,376463,2154000.0,30000000.0
2009-07-03,71000,74100,70500,74000,167367,2220000.0,30000000.0
2009-07-06,74800,74900,73300,73600,122666,2208000.0,30000000.0
2009-07-07,73500,77600,73400,77000,276288,2310000.0,30000000.0
2009-07-08,76500,78300,75200,76800,221716,2304000.0,30000000.0
2009-07-09,77400,77400,75300,75300,188444,2259000.0,30000000.0
2009-07-10,77500,79300,76200,77100,601432,2313000.0,30000000.0
2009-07-13,77700,77800,71000,71000,360856,2130000.0,30000000.0
2009-07-14,71900,72700,66700,67800,419346,2034000.0,30000000.0
2009-07-15,68300,68900,66900,67500,412021,2025000.0,30000000.0
2009-07-16,68500,69900,67200,67500,236313,2025000.0,30000000.0
2009-07-17,68000,69300,67300,68400,339683,2052000.0,30000000.0
2009-07-20,69300,72400,69200,72400,319030,2172000.0,30000000.0
2009-07-21,73000,73400,71400,73400,275046,2202000.0,30000000.0
2009-07-22,73300,73300,70900,72500,276737,2175000.0,30000000.0
2009-07-23,72000,72100,70700,70700,210916,2121000.0,30000000.0
2009-07-24,71200,71900,69700,71700,247090,2151000.0,30000000.0
2009-07-27,71300,71700,70700,70800,256647,2124000.0,30000000.0
2009-07-28,70900,71800,70100,71000,307761,2130000.0,30000000.0
2009-07-29,70800,71100,68800,69900,264038,2097000.0,30000000.0
2009-07-30,69500,69600,66900,68000,437233,2040000.0,30000000.0
2009-07-31,68400,69100,67500,69000,259898,2070000.0,30000000.0
2009-08-03,69500,70300,68500,69800,352654,2094000.0,30000000.0
2009-08-04,70400,73000,70300,71000,581508,2130000.0,30000000.0
2009-08-05,71500,72000,68600,69800,379009,2094000.0,30000000.0
2009-08-06,69200,70600,68500,70400,170937,2112000.0,30000000.0
2009-08-07,70400,74700,70300,74500,971380,2235000.0,30000000.0
2009-08-10,75600,76700,75000,75800,595716,2274000.0,30000000.0
2009-08-11,75200,77000,75200,77000,371651,2310000.0,30000000.0
2009-08-12,76700,78400,75700,77900,462781,2337000.0,30000000.0
2009-08-13,79500,79600,77500,77500,452605,2325000.0,30000000.0
2009-08-14,78100,78500,75800,76700,433958,2301000.0,30000000.0
2009-08-17,76000,76100,72200,74200,327076,2226000.0,30000000.0
2009-08-18,73600,74400,70800,71800,415567,2154000.0,30000000.0
2009-08-19,72500,73900,70600,72300,320647,2169000.0,30000000.0
2009-08-20,72300,74500,71000,73900,242765,2217000.0,30000000.0
2009-08-21,74500,75300,73000,74600,284236,2238000.0,30000000.0
2009-08-24,75100,78000,74300,78000,465565,2340000.0,30000000.0
2009-08-25,77800,78800,77000,78300,338012,2349000.0,30000000.0
2009-08-26,78300,78700,77200,78300,316787,2349000.0,30000000.0
2009-08-27,78000,79500,76300,76500,358383,2295000.0,30000000.0
2009-08-28,77400,78300,76000,77700,269161,2331000.0,30000000.0
2009-08-31,79500,82200,78400,80500,1366434,2415000.0,30000000.0
2009-09-01,80800,81400,78500,80000,647386,2400000.0,30000000.0
2009-09-02,78100,78900,76500,77200,432860,2316000.0,30000000.0
2009-09-03,77200,78700,76500,77100,339054,2313000.0,30000000.0
2009-09-04,79200,79400,77000,77500,398723,2325000.0,30000000.0
2009-09-07,77900,77900,74500,75600,347863,2268000.0,30000000.0
2009-09-08,75400,82400,75300,81700,911531,2451000.0,30000000.0
2009-09-09,82600,83400,80600,82000,613855,2460000.0,30000000.0
2009-09-10,83000,85500,82700,83300,726678,2499000.0,30000000.0
2009-09-11,84000,86500,83300,85600,564133,2568000.0,30000000.0
2009-09-14,86200,87200,84200,84500,371393,2535000.0,30000000.0
2009-09-15,85700,86800,84700,84700,391279,2541000.0,30000000.0
2009-09-16,85300,89300,85000,88200,574476,2646000.0,30000000.0
2009-09-17,89500,91000,88500,89200,537773,2676000.0,30000000.0
2009-09-18,89700,89700,87000,88900,246444,2667000.0,30000000.0
2009-09-21,88400,89700,87400,87600,162692,2628000.0,30000000.0
2009-09-22,87100,88800,86100,87900,270804,2637000.0,30000000.0
2009-09-23,87900,96000,85100,92700,767892,2781000.0,30000000.0
2009-09-24,93500,95700,91000,94000,568607,2820000.0,30000000.0
2009-09-25,94000,101000,91900,101000,689150,3030000.0,30000000.0
2009-09-28,101000,104500,98500,99100,615605,2973000.0,30000000.0
2009-09-29,100500,101500,97100,99400,385959,2982000.0,30000000.0
2009-09-30,98900,100500,91700,93000,501594,2790000.0,30000000.0
2009-10-01,93300,94600,89300,90800,413595,2724000.0,30000000.0
2009-10-05,89500,94400,88400,93800,511601,2814000.0,30000000.0
2009-10-06,96500,97900,92800,92900,396142,2787000.0,30000000.0
2009-10-07,94500,94800,88300,88300,328798,2649000.0,30000000.0
2009-10-08,89600,94400,88400,94400,277639,2832000.0,30000000.0
2009-10-09,96100,97900,95000,96500,285951,2895000.0,30000000.0
2009-10-12,98200,99200,95000,97300,175349,2919000.0,30000000.0
2009-10-13,96800,99600,95300,98300,251571,2949000.0,30000000.0
2009-10-14,98600,99600,97600,98800,169506,2964000.0,30000000.0
2009-10-15,99000,99200,95800,95800,237718,2874000.0,30000000.0
2009-10-16,95400,97100,91400,93100,248482,2793000.0,30000000.0
2009-10-19,93100,95000,90900,95000,171159,2850000.0,30000000.0
2009-10-20,95700,95800,93800,94000,123879,2820000.0,30000000.0
2009-10-21,92300,94100,91600,92200,185658,2766000.0,30000000.0
2009-10-22,92000,93000,91500,91500,81334,2745000.0,30000000.0
2009-10-23,92700,93800,91600,93500,137524,2805000.0,30000000.0
2009-10-26,92600,95000,92600,95000,136995,2850000.0,30000000.0
2009-10-27,94100,94800,92700,93000,114597,2790000.0,30000000.0
2009-10-28,94500,97200,92900,94500,454995,2835000.0,30000000.0
2009-10-29,93500,94500,90300,91900,227841,2757000.0,30000000.0
2009-10-30,93500,93500,89800,89800,151350,2694000.0,30000000.0
2009-11-02,87200,88300,85200,87000,241998,2610000.0,30000000.0
2009-11-03,87000,87500,84400,84400,151703,2532000.0,30000000.0
2009-11-04,85000,89000,84600,88900,159221,2667000.0,30000000.0
2009-11-05,88200,89100,87400,87700,96762,2631000.0,30000000.0
2009-11-06,89500,89900,87900,87900,88412,2637000.0,30000000.0
2009-11-09,88000,89500,87500,89000,92977,2670000.0,30000000.0
2009-11-10,90100,90300,87900,88800,100158,2664000.0,30000000.0
2009-11-11,89500,89500,87300,89000,87327,2670000.0,30000000.0
2009-11-12,89300,90000,87500,87500,95543,2625000.0,30000000.0
2009-11-13,86700,88100,85300,87500,97463,2625000.0,30000000.0
2009-11-16,88200,88300,85800,87200,73084,2616000.0,30000000.0
2009-11-17,88000,89300,87100,87900,110162,2637000.0,30000000.0
2009-11-18,88300,91700,88100,91300,286390,2739000.0,30000000.0
2009-11-19,92300,93100,91200,92100,191183,2763000.0,30000000.0
2009-11-20,91500,93800,91500,93400,110976,2802000.0,30000000.0
2009-11-23,93500,93800,92100,93400,109719,2802000.0,30000000.0
2009-11-24,94100,94100,90700,92800,171485,2784000.0,30000000.0
2009-11-25,92000,92200,90400,91100,126176,2733000.0,30000000.0
2009-11-26,90600,91600,90100,91100,140629,2733000.0,30000000.0
2009-11-27,89600,90000,85700,87800,245860,2634000.0,30000000.0
2009-11-30,88500,93000,87800,93000,190149,2790000.0,30000000.0
2009-12-01,91000,91900,89100,91000,191507,2730000.0,30000000.0
2009-12-02,91300,92600,91100,91800,156032,2754000.0,30000000.0
2009-12-03,92500,94900,92300,94900,314701,2847000.0,30000000.0
2009-12-04,94700,95500,94100,94800,164149,2844000.0,30000000.0
2009-12-07,95100,95200,93800,94700,142384,2841000.0,30000000.0
2009-12-08,95100,96500,94600,95300,205468,2859000.0,30000000.0
2009-12-09,94300,95600,93700,95400,154622,2862000.0,30000000.0
2009-12-10,95900,95900,93900,95500,197691,2865000.0,30000000.0
2009-12-11,95200,96100,94600,95900,172710,2877000.0,30000000.0
2009-12-14,96700,98000,95900,96800,183659,2904000.0,30000000.0
2009-12-15,97400,98200,94700,95200,199227,2856000.0,30000000.0
2009-12-16,94800,95300,93600,94000,157460,2820000.0,30000000.0
2009-12-17,93900,95000,93800,95000,99969,2850000.0,30000000.0
2009-12-18,93800,94900,93700,94600,75715,2838000.0,30000000.0
2009-12-21,94800,95000,94200,94400,96334,2832000.0,30000000.0
2009-12-22,94900,95000,93200,93600,107543,2808000.0,30000000.0
2009-12-23,94100,96200,94100,94900,209212,2847000.0,30000000.0
2009-12-24,95400,96200,94900,95800,129746,2874000.0,30000000.0
2009-12-28,97500,99400,96800,98000,405601,2940000.0,30000000.0
2009-12-29,97700,98000,96100,97000,126987,2910000.0,30000000.0
2009-12-30,96500,97400,95700,97000,127350,2910000.0,30000000.0
2010-01-04,96800,96800,95400,95600,169161,2868000.0,30000000.0
2010-01-05,95600,96800,93100,93100,237851,2793000.0,30000000.0
2010-01-06,93800,96100,93700,96000,229303,2880000.0,30000000.0
2010-01-07,96700,98000,94100,94100,247666,2823000.0,30000000.0
2010-01-08,94800,94800,92800,94300,147204,2829000.0,30000000.0
2010-01-11,94100,94900,93000,93000,173125,2790000.0,30000000.0
2010-01-12,92900,93900,90600,91300,199965,2739000.0,30000000.0
2010-01-13,90400,91800,89900,91800,122068,2754000.0,30000000.0
2010-01-14,91800,92800,90600,91300,161564,2739000.0,30000000.0
2010-01-15,91400,92100,89600,91900,287035,2757000.0,30000000.0
2010-01-18,92500,94300,91300,92800,339117,2784000.0,30000000.0
2010-01-19,93000,93800,92100,92100,157890,2763000.0,30000000.0
2010-01-20,92700,92800,89400,89500,259448,2685000.0,30000000.0
2010-01-21,88300,91000,88000,90500,131167,2715000.0,30000000.0
2010-01-22,89500,90200,88300,88500,133535,2655000.0,30000000.0
2010-01-25,89500,91000,87600,89000,189945,2670000.0,30000000.0
2010-01-26,90200,90200,85000,87500,194075,2625000.0,30000000.0
2010-01-27,87300,87400,85300,86000,102249,2580000.0,30000000.0
2010-01-28,86000,86900,85100,86400,108236,2592000.0,30000000.0
2010-01-29,85500,85600,81600,83800,139305,2514000.0,30000000.0
2010-02-01,82900,83900,78800,80700,246832,2421000.0,30000000.0
2010-02-02,81300,81600,77600,77800,280135,2334000.0,30000000.0
2010-02-03,78800,81100,77500,81000,386888,2430000.0,30000000.0
2010-02-04,81000,81100,79700,80100,181019,2403000.0,30000000.0
2010-02-05,76500,78200,76300,77500,170670,2325000.0,30000000.0
2010-02-08,77700,78200,76000,76000,135259,2280000.0,30000000.0
2010-02-09,75600,77700,75500,77500,131773,2325000.0,30000000.0
2010-02-10,77900,78300,76200,76200,123232,2286000.0,30000000.0
2010-02-11,76700,79100,76400,78700,191815,2361000.0,30000000.0
2010-02-12,78700,80000,77700,79700,152590,2391000.0,30000000.0
2010-02-16,78900,79600,78300,79100,79134,2373000.0,30000000.0
2010-02-17,80000,80500,79600,80100,122710,2403000.0,30000000.0
2010-02-18,80600,80600,79200,79300,86034,2379000.0,30000000.0
2010-02-19,78500,80000,78300,78300,106729,2349000.0,30000000.0
2010-02-22,79400,79900,78800,79500,127510,2385000.0,30000000.0
2010-02-23,79600,81700,79100,81500,180279,2445000.0,30000000.0
2010-02-24,81000,81700,80600,81700,183032,2451000.0,30000000.0
2010-02-25,82000,82100,78700,81600,152372,2448000.0,30000000.0
2010-02-26,81000,81500,79800,81500,88417,2445000.0,30000000.0
2010-03-02,81900,82700,80500,80600,107748,2418000.0,30000000.0
2010-03-03,80600,81000,79700,79700,121285,2391000.0,30000000.0
2010-03-04,79900,80600,78900,78900,107850,2367000.0,30000000.0
2010-03-05,78800,80100,78800,80100,83846,2403000.0,30000000.0
2010-03-08,81400,82300,81100,81800,226630,2454000.0,30000000.0
2010-03-09,81800,81900,80600,81000,117657,2430000.0,30000000.0
2010-03-10,81300,81700,80500,81700,95955,2451000.0,30000000.0
2010-03-11,81900,81900,80500,80500,107818,2415000.0,30000000.0
2010-03-12,80600,81100,80000,81100,113135,2433000.0,30000000.0
2010-03-15,81400,83500,81400,82800,446202,2484000.0,30000000.0
2010-03-16,82900,83000,80100,80200,908077,2406000.0,30000000.0
2010-03-17,80500,81000,79100,79800,578332,2394000.0,30000000.0
2010-03-18,80300,80500,79800,80500,329048,2415000.0,30000000.0
2010-03-19,80600,80700,79600,80100,226665,2403000.0,30000000.0
2010-03-22,79700,79800,78000,78000,330656,2340000.0,30000000.0
2010-03-23,78800,79200,77600,77900,224368,2337000.0,30000000.0
2010-03-24,78500,78800,77800,77900,109586,2337000.0,30000000.0
2010-03-25,78000,81300,78000,81300,429378,2439000.0,30000000.0
2010-03-26,81600,82500,80600,81900,273232,2457000.0,30000000.0
2010-03-29,81000,81700,79700,80500,188521,2415000.0,30000000.0
2010-03-30,80900,81100,80100,80600,122252,2418000.0,30000000.0
2010-03-31,80500,80600,79400,80300,147423,2409000.0,30000000.0
2010-04-01,79800,81400,79700,80000,209947,2400000.0,30000000.0
2010-04-02,80600,81800,79700,81500,263505,2445000.0,30000000.0
2010-04-05,82000,84800,81800,83800,608786,2514000.0,30000000.0
2010-04-06,84500,84500,82900,83700,231103,2511000.0,30000000.0
2010-04-07,83700,84000,82500,82800,169361,2484000.0,30000000.0
2010-04-08,82400,83700,82300,83700,176019,2511000.0,30000000.0
2010-04-09,84200,84300,81400,82000,279947,2460000.0,30000000.0
2010-04-12,81900,82300,80000,80000,215751,2400000.0,30000000.0
2010-04-13,80500,81100,79800,80300,143566,2409000.0,30000000.0
2010-04-14,80600,81500,79600,80700,208844,2421000.0,30000000.0
2010-04-15,80900,81000,79000,80100,276188,2403000.0,30000000.0
2010-04-16,79700,80000,78100,78100,280686,2343000.0,30000000.0
2010-04-19,77000,77700,75600,75600,341550,2268000.0,30000000.0
2010-04-20,76500,77300,75800,76900,261138,2307000.0,30000000.0
2010-04-21,77400,77900,77000,77200,215294,2316000.0,30000000.0
2010-04-22,77300,77500,76200,77000,164977,2310000.0,30000000.0
2010-04-23,77200,77400,75600,76000,257333,2280000.0,30000000.0
2010-04-26,76200,76600,75500,75600,235363,2268000.0,30000000.0
2010-04-27,75800,75900,73600,73700,457577,2211000.0,30000000.0
2010-04-28,72000,73200,71800,72300,824079,2169000.0,30000000.0
2010-04-29,73400,74400,72800,73400,343479,2202000.0,30000000.0
2010-04-30,73700,75500,72600,73500,375908,2205000.0,30000000.0
2010-05-03,72900,73100,69700,70000,374502,2100000.0,30000000.0
2010-05-04,70500,70800,67900,68000,404800,2040000.0,30000000.0
2010-05-06,66400,70200,66100,69300,340193,2079000.0,30000000.0
2010-05-07,67000,71400,66600,70300,316299,2109000.0,30000000.0
2010-05-10,71100,71600,70500,70900,156950,2127000.0,30000000.0
2010-05-11,71700,71700,69200,69800,200791,2094000.0,30000000.0
2010-05-12,69700,71000,68200,71000,200701,2130000.0,30000000.0
2010-05-13,71400,73100,70300,73100,393692,2193000.0,30000000.0
2010-05-14,72900,73200,71300,73200,219843,2196000.0,30000000.0
2010-05-17,72300,72300,69400,69400,242286,2082000.0,30000000.0
2010-05-18,70100,70200,67100,67500,282769,2025000.0,30000000.0
2010-05-19,66800,69400,66100,69400,212333,2082000.0,30000000.0
2010-05-20,68300,69000,65500,67000,272483,2010000.0,30000000.0
2010-05-24,65200,66500,65000,65800,180096,1974000.0,30000000.0
2010-05-25,64900,64900,59500,62600,439130,1878000.0,30000000.0
2010-05-26,62100,63100,60300,62400,313836,1872000.0,30000000.0
2010-05-27,61500,64500,60800,64500,279842,1935000.0,30000000.0
2010-05-28,65200,65200,62900,64000,213529,1920000.0,30000000.0
2010-05-31,63700,66200,63600,65500,232775,1965000.0,30000000.0
2010-06-01,65900,67800,65800,67600,253290,2028000.0,30000000.0
2010-06-03,68300,68600,67200,68100,152995,2043000.0,30000000.0
2010-06-04,67800,67900,66700,67500,147967,2025000.0,30000000.0
2010-06-07,65000,65400,64400,64700,123256,1941000.0,30000000.0
2010-06-08,64500,66300,64400,66000,124755,1980000.0,30000000.0
2010-06-09,66200,66500,65600,66200,90187,1986000.0,30000000.0
2010-06-10,66200,68600,66200,68600,217462,2058000.0,30000000.0
2010-06-11,69400,69700,67600,69400,206618,2082000.0,30000000.0
2010-06-14,69500,70300,69000,69900,155155,2097000.0,30000000.0
2010-06-15,69700,69900,69200,69300,86177,2079000.0,30000000.0
2010-06-16,69600,71000,68200,70700,182787,2121000.0,30000000.0
2010-06-17,70700,71600,70200,71400,149996,2142000.0,30000000.0
2010-06-18,71100,71700,70400,71400,103265,2142000.0,30000000.0
2010-06-21,71200,71900,67700,70500,457541,2115000.0,30000000.0
2010-06-22,69500,70500,68900,70500,138432,2115000.0,30000000.0
2010-06-23,70000,75600,70000,74700,716455,2241000.0,30000000.0
2010-06-24,75600,78200,75200,78000,630215,2340000.0,30000000.0
2010-06-25,77500,79700,77100,78400,496671,2352000.0,30000000.0
2010-06-28,79100,80300,78500,80000,301038,2400000.0,30000000.0
2010-06-29,79800,80300,77300,78600,350377,2358000.0,30000000.0
2010-06-30,76500,79100,76100,78000,277152,2340000.0,30000000.0
2010-07-01,77900,83100,77100,83100,609796,2493000.0,30000000.0
2010-07-02,82900,83500,80300,80400,414360,2412000.0,30000000.0
2010-07-05,80600,82400,78500,81800,284656,2454000.0,30000000.0
2010-07-06,81900,82000,79400,80400,220314,2412000.0,30000000.0
2010-07-07,80800,81900,79600,80000,186496,2400000.0,30000000.0
2010-07-08,80900,83600,80900,83600,546109,2508000.0,30000000.0
2010-07-09,84500,85800,83200,85700,520001,2571000.0,30000000.0
2010-07-12,85900,86300,85000,85600,176941,2568000.0,30000000.0
2010-07-13,86100,87100,85200,86000,319243,2580000.0,30000000.0
2010-07-14,87300,87600,86000,87400,376154,2622000.0,30000000.0
2010-07-15,87100,87400,85900,86100,192126,2583000.0,30000000.0
2010-07-16,86000,88700,84700,88400,357390,2652000.0,30000000.0
2010-07-19,87300,89000,87300,87900,169345,2637000.0,30000000.0
2010-07-20,88300,88700,85600,87900,275920,2637000.0,30000000.0
2010-07-21,89100,89100,85100,86000,337322,2580000.0,30000000.0
2010-07-22,85400,86300,84300,85500,237179,2565000.0,30000000.0
2010-07-23,86400,87000,85500,86000,236726,2580000.0,30000000.0
2010-07-26,87400,89700,87000,88800,304626,2664000.0,30000000.0
2010-07-27,89100,89700,88200,89500,225875,2685000.0,30000000.0
2010-07-28,89900,90400,88200,90000,179532,2700000.0,30000000.0
2010-07-29,90000,90300,88900,89100,140025,2673000.0,30000000.0
2010-07-30,89100,89300,86400,88000,181504,2640000.0,30000000.0
2010-08-02,87600,88600,87300,87500,157711,2625000.0,30000000.0
2010-08-03,88000,88500,82500,82500,1287618,2475000.0,30000000.0
2010-08-04,83000,84200,80800,84000,617580,2520000.0,30000000.0
2010-08-05,84400,84700,82400,84300,344492,2529000.0,30000000.0
2010-08-06,84300,84500,81800,84500,273905,2535000.0,30000000.0
2010-08-09,84300,86200,83300,85900,245511,2577000.0,30000000.0
2010-08-10,86000,87500,85400,87200,258444,2616000.0,30000000.0
2010-08-11,87200,88400,85500,87100,189335,2613000.0,30000000.0
2010-08-12,85700,86000,84500,84500,147711,2535000.0,30000000.0
2010-08-13,84600,86500,84100,86000,122038,2580000.0,30000000.0
2010-08-16,85800,87200,84300,86700,112937,2601000.0,30000000.0
2010-08-17,87900,90000,87800,90000,580174,2700000.0,30000000.0
2010-08-18,90200,91900,89200,91900,395359,2757000.0,30000000.0
2010-08-19,91900,92000,89900,91400,279816,2742000.0,30000000.0
2010-08-20,90300,93300,90300,93300,215109,2799000.0,30000000.0
2010-08-23,93200,95300,92000,94600,270768,2838000.0,30000000.0
2010-08-24,94000,94700,91200,92000,266379,2760000.0,30000000.0
2010-08-25,90900,93000,90400,92500,183819,2775000.0,30000000.0
2010-08-26,93600,95800,92500,94800,404774,2844000.0,30000000.0
2010-08-27,94000,95000,91200,94700,273475,2841000.0,30000000.0
2010-08-30,95200,97200,94100,96700,247224,2901000.0,30000000.0
2010-08-31,96200,98000,95100,96600,273246,2898000.0,30000000.0
2010-09-01,97000,97900,95600,96600,198926,2898000.0,30000000.0
2010-09-02,97400,99800,96800,99400,513943,2982000.0,30000000.0
2010-09-03,100500,101000,96300,97000,374582,2910000.0,30000000.0
2010-09-06,97000,99900,95100,99600,312815,2988000.0,30000000.0
2010-09-07,99100,100500,97900,98500,172323,2955000.0,30000000.0
2010-09-08,97800,99200,96600,98000,144553,2940000.0,30000000.0
2010-09-09,97800,100000,97600,100000,162803,3000000.0,30000000.0
2010-09-10,100000,102500,99500,102000,252350,3060000.0,30000000.0
2010-09-13,101500,102500,99500,102000,212970,3060000.0,30000000.0
2010-09-14,101000,102000,97200,97900,320466,2937000.0,30000000.0
2010-09-15,98300,98600,93700,97000,428644,2910000.0,30000000.0
2010-09-16,96200,97700,94600,95200,207647,2856000.0,30000000.0
2010-09-17,95500,97500,94900,95900,191730,2877000.0,30000000.0
2010-09-20,95400,96500,94000,96300,198348,2889000.0,30000000.0
2010-09-24,95600,96900,95400,96500,116794,2895000.0,30000000.0
2010-09-27,96500,99400,96000,98900,285621,2967000.0,30000000.0
2010-09-28,99400,101000,98900,99700,153480,2991000.0,30000000.0
2010-09-29,100500,100500,96300,96600,408423,2898000.0,30000000.0
2010-09-30,96400,96900,93200,93500,468714,2805000.0,30000000.0
2010-10-01,94100,94700,91800,92900,317906,2787000.0,30000000.0
2010-10-04,93500,94100,92600,93400,162160,2802000.0,30000000.0
2010-10-05,93300,93700,89600,91000,249409,2730000.0,30000000.0
2010-10-06,92100,92600,91100,91100,155054,2733000.0,30000000.0
2010-10-07,91500,93600,91500,93500,224582,2805000.0,30000000.0
2010-10-08,94000,95100,93800,94100,179254,2823000.0,30000000.0
2010-10-11,94100,94700,91200,92200,817973,2766000.0,30000000.0
2010-10-12,92000,92100,86300,88100,550272,2643000.0,30000000.0
2010-10-13,88300,88400,86100,87900,434532,2637000.0,30000000.0
2010-10-14,88200,89900,88000,88900,468948,2667000.0,30000000.0
2010-10-15,89800,89800,88800,89400,232891,2682000.0,30000000.0
2010-10-18,90000,90400,87700,88000,192204,2640000.0,30000000.0
2010-10-19,88100,88200,85400,85600,353293,2568000.0,30000000.0
2010-10-20,84600,87400,84100,86300,338520,2589000.0,30000000.0
2010-10-21,87000,87100,85600,86200,214408,2586000.0,30000000.0
2010-10-22,86200,89100,86100,89000,375091,2670000.0,30000000.0
2010-10-25,89900,90300,88200,89400,312527,2682000.0,30000000.0
2010-10-26,89600,91300,88500,91200,350421,2736000.0,30000000.0
2010-10-27,92000,94400,91700,94000,499089,2820000.0,30000000.0
2010-10-28,93500,93700,91200,93000,270386,2790000.0,30000000.0
2010-10-29,92600,92600,90300,90300,162952,2709000.0,30000000.0
2010-11-01,90500,91600,90400,91300,118685,2739000.0,30000000.0
2010-11-02,91500,92400,89300,92400,277712,2772000.0,30000000.0
2010-11-03,91600,93000,90300,92500,344586,2775000.0,30000000.0
2010-11-04,92800,93300,91400,91400,194544,2742000.0,30000000.0
2010-11-05,92000,92300,90200,90200,186628,2706000.0,30000000.0
2010-11-08,90600,91000,87900,88100,270445,2643000.0,30000000.0
2010-11-09,88000,89200,88000,88900,119560,2667000.0,30000000.0
2010-11-10,88900,89700,88000,88100,160976,2643000.0,30000000.0
2010-11-11,88100,88900,87000,87000,464591,2610000.0,30000000.0
2010-11-12,88100,88400,83800,84000,422135,2520000.0,30000000.0
2010-11-15,84900,84900,80500,81200,295360,2436000.0,30000000.0
2010-11-16,81000,81400,77900,77900,416163,2337000.0,30000000.0
2010-11-17,76500,80300,76500,80000,224148,2400000.0,30000000.0
2010-11-18,80000,82900,80000,82700,170427,2481000.0,30000000.0
2010-11-19,83300,84500,81800,83800,177330,2514000.0,30000000.0
2010-11-22,84000,84300,81600,82900,197847,2487000.0,30000000.0
2010-11-23,84100,86300,83600,84300,608536,2529000.0,30000000.0
2010-11-24,82000,83400,81800,82700,336968,2481000.0,30000000.0
2010-11-25,82600,83200,80500,81600,259349,2448000.0,30000000.0
2010-11-26,82800,83500,81100,82100,236236,2463000.0,30000000.0
2010-11-29,81900,82500,80000,80300,208222,2409000.0,30000000.0
2010-11-30,80000,81300,79600,81200,151266,2436000.0,30000000.0
2010-12-01,81000,82300,80100,82300,133480,2469000.0,30000000.0
2010-12-02,83500,83500,82200,82300,126196,2469000.0,30000000.0
2010-12-03,83000,84600,82500,84400,590970,2532000.0,30000000.0
2010-12-06,85800,87400,85200,87400,385775,2622000.0,30000000.0
2010-12-07,87400,87800,86400,87000,188554,2610000.0,30000000.0
2010-12-08,87000,87100,85600,85900,186095,2577000.0,30000000.0
2010-12-09,86300,87700,86300,87300,221347,2619000.0,30000000.0
2010-12-10,86700,87300,86000,86400,110060,2592000.0,30000000.0
2010-12-13,87500,92200,87400,92200,826571,2766000.0,30000000.0
2010-12-14,92900,95200,92200,92200,579684,2766000.0,30000000.0
2010-12-15,92300,93200,91100,93200,263319,2796000.0,30000000.0
2010-12-16,92600,93900,90900,91200,292786,2736000.0,30000000.0
2010-12-17,91200,92200,89600,91700,314362,2751000.0,30000000.0
2010-12-20,90200,90700,88600,89600,349732,2688000.0,30000000.0
2010-12-21,90100,91300,89400,89600,386104,2688000.0,30000000.0
2010-12-22,89600,90600,87900,88400,232218,2652000.0,30000000.0
2010-12-23,88500,88900,86600,88400,213232,2652000.0,30000000.0
2010-12-24,87800,88700,86200,86200,219778,2586000.0,30000000.0
2010-12-27,86000,87500,85900,85900,169044,2577000.0,30000000.0
2010-12-28,86200,88000,86200,87800,188055,2634000.0,30000000.0
2010-12-29,87800,90500,87300,90500,292276,2715000.0,30000000.0
2010-12-30,91400,91400,89800,90400,129049,2712000.0,30000000.0
2011-01-03,90500,92200,90000,92000,301183,2760000.0,30000000.0
2011-01-04,92000,92000,90500,91400,268671,2742000.0,30000000.0
2011-01-05,91600,91700,90200,90500,218920,2715000.0,30000000.0
2011-01-06,90300,91400,87800,88500,323163,2655000.0,30000000.0
2011-01-07,88400,90700,87900,90200,211545,2706000.0,30000000.0
2011-01-10,90100,90400,88600,90200,173911,2706000.0,30000000.0
2011-01-11,90200,90400,87900,88500,247663,2655000.0,30000000.0
2011-01-12,88700,89100,87200,87200,243561,2616000.0,30000000.0
2011-01-13,87500,88300,85200,85800,390710,2574000.0,30000000.0
2011-01-14,85400,88000,85300,88000,219574,2640000.0,30000000.0
2011-01-17,87700,87800,85500,85500,256400,2565000.0,30000000.0
2011-01-18,85900,85900,83500,83500,362831,2505000.0,30000000.0
2011-01-19,84200,85000,81200,81600,562209,2448000.0,30000000.0
2011-01-20,81600,83200,81600,82500,178237,2475000.0,30000000.0
2011-01-21,82700,82800,81200,81200,148924,2436000.0,30000000.0
2011-01-24,80700,81600,80300,80800,190789,2424000.0,30000000.0
2011-01-25,81600,82800,81200,82400,170356,2472000.0,30000000.0
2011-01-26,82400,83200,80900,82000,236374,2460000.0,30000000.0
2011-01-27,81500,82700,80600,80700,396713,2421000.0,30000000.0
2011-01-28,80800,81800,80100,80400,186886,2412000.0,30000000.0
2011-01-31,79100,79400,76400,76400,485825,2292000.0,30000000.0
2011-02-01,76400,77500,75200,75500,326378,2265000.0,30000000.0
2011-02-07,76300,77200,75500,75500,195264,2265000.0,30000000.0
2011-02-08,75700,76600,75500,76500,150287,2295000.0,30000000.0
2011-02-09,76900,77000,73100,74200,366066,2226000.0,30000000.0
2011-02-10,74000,74300,72600,72600,186691,2178000.0,30000000.0
2011-02-11,72400,73700,70700,71400,226118,2142000.0,30000000.0
2011-02-14,71600,73400,71600,73400,211621,2202000.0,30000000.0
2011-02-15,73800,73800,70800,71800,167271,2154000.0,30000000.0
2011-02-16,71500,72300,70200,70200,153939,2106000.0,30000000.0
2011-02-17,70700,71200,68000,69100,263608,2073000.0,30000000.0
2011-02-18,69100,72800,69000,72200,304689,2166000.0,30000000.0
2011-02-21,72300,73100,71500,71900,189824,2157000.0,30000000.0
2011-02-22,70800,71900,68900,71500,184177,2145000.0,30000000.0
2011-02-23,71400,71900,69600,69700,162571,2091000.0,30000000.0
2011-02-24,69100,70500,68600,70000,106982,2100000.0,30000000.0
2011-02-25,69800,71500,69800,71500,108203,2145000.0,30000000.0
2011-02-28,71500,71500,70000,70700,82304,2121000.0,30000000.0
2011-03-02,70200,71100,69800,70200,84310,2106000.0,30000000.0
2011-03-03,70600,72300,70500,72100,167694,2163000.0,30000000.0
2011-03-04,72900,75000,72600,75000,258156,2250000.0,30000000.0
2011-03-07,74700,75000,73500,73500,129763,2205000.0,30000000.0
2011-03-08,73700,76700,73000,76000,234749,2280000.0,30000000.0
2011-03-09,76500,76600,74600,75300,131466,2259000.0,30000000.0
2011-03-10,75700,76100,74900,75300,159982,2259000.0,30000000.0
2011-03-11,74200,74700,72600,72600,202536,2178000.0,30000000.0
2011-03-14,71800,72300,68500,71500,253951,2145000.0,30000000.0
2011-03-15,70300,72800,67800,69500,243837,2085000.0,30000000.0
2011-03-16,69800,71200,69600,70800,95158,2124000.0,30000000.0
2011-03-17,69100,71000,68600,70400,120651,2112000.0,30000000.0
2011-03-18,71200,75200,70700,74800,259489,2244000.0,30000000.0
2011-03-21,75900,76600,75500,75700,270472,2271000.0,30000000.0
2011-03-22,76100,76300,74000,75900,165049,2277000.0,30000000.0
2011-03-23,75800,76200,74900,75700,123343,2271000.0,30000000.0
2011-03-24,75700,76900,75200,76500,196968,2295000.0,30000000.0
2011-03-25,77000,77000,75800,75800,142622,2274000.0,30000000.0
2011-03-28,75900,77200,75900,76700,177947,2301000.0,30000000.0
2011-03-29,77300,80600,77100,80400,567442,2412000.0,30000000.0
2011-03-30,80600,81500,79700,81400,323654,2442000.0,30000000.0
2011-03-31,81400,81600,80600,81000,214313,2430000.0,30000000.0
2011-04-01,81200,81500,80700,81200,167170,2436000.0,30000000.0
2011-04-04,81200,82000,80600,81200,180935,2436000.0,30000000.0
2011-04-05,81200,82900,81200,82500,220583,2475000.0,30000000.0
2011-04-06,82400,83000,81500,82800,242477,2484000.0,30000000.0
2011-04-07,83000,83300,80800,81400,249981,2442000.0,30000000.0
2011-04-08,79600,79900,76900,78600,652721,2358000.0,30000000.0
2011-04-11,79200,79900,78300,79900,211847,2397000.0,30000000.0
2011-04-12,80800,81200,78700,79400,206131,2382000.0,30000000.0
2011-04-13,78700,80000,77600,80000,184076,2400000.0,30000000.0
2011-04-14,79300,80000,78800,79500,172302,2385000.0,30000000.0
2011-04-15,79500,81100,79000,80600,237718,2418000.0,30000000.0
2011-04-18,81100,85200,80800,85200,655090,2556000.0,30000000.0
2011-04-19,84500,86400,83600,83900,592236,2517000.0,30000000.0
2011-04-20,85000,86600,84300,86000,415743,2580000.0,30000000.0
2011-04-21,86300,88100,85500,88000,548179,2640000.0,30000000.0
2011-04-22,88300,88800,86600,88100,427537,2643000.0,30000000.0
2011-04-25,88100,88300,87000,87900,278103,2637000.0,30000000.0
2011-04-26,87600,88100,85200,85300,336901,2559000.0,30000000.0
2011-04-27,86100,87100,85500,86500,244995,2595000.0,30000000.0
2011-04-28,86000,86200,82000,82000,450274,2460000.0,30000000.0
2011-04-29,82400,83100,78700,79500,345933,2385000.0,30000000.0
2011-05-02,80000,81300,79900,81100,170219,2433000.0,30000000.0
2011-05-03,81000,81000,79300,79400,154263,2382000.0,30000000.0
2011-05-04,79400,80600,78500,80400,92142,2412000.0,30000000.0
2011-05-06,79700,80400,77100,77700,263645,2331000.0,30000000.0
2011-05-09,77500,78600,77500,77800,90342,2334000.0,30000000.0
2011-05-11,78500,79400,78200,78900,103745,2367000.0,30000000.0
2011-05-12,78000,78400,77500,77500,114740,2325000.0,30000000.0
2011-05-13,77500,77900,75100,77600,279895,2328000.0,30000000.0
2011-05-16,77000,77100,76200,76500,85984,2295000.0,30000000.0
2011-05-17,76600,80300,76600,80000,245425,2400000.0,30000000.0
2011-05-18,79700,80400,79300,80200,145534,2406000.0,30000000.0
2011-05-19,80000,80300,77900,77900,137541,2337000.0,30000000.0
2011-05-20,77400,79700,77400,79300,107752,2379000.0,30000000.0
2011-05-23,78600,79300,77300,77300,87321,2319000.0,30000000.0
2011-05-24,77100,77800,75600,76700,113913,2301000.0,30000000.0
2011-05-25,76900,78500,76600,77000,124135,2310000.0,30000000.0
2011-05-26,77500,80400,77400,80000,154986,2400000.0,30000000.0
2011-05-27,79700,81700,79100,80900,185522,2427000.0,30000000.0
2011-05-30,81300,81300,79500,80800,126612,2424000.0,30000000.0
2011-05-31,81000,82200,80600,80600,160235,2418000.0,30000000.0
2011-06-01,80200,80600,78800,79900,206700,2397000.0,30000000.0
2011-06-02,78100,78500,77200,77600,134278,2328000.0,30000000.0
2011-06-03,77700,78700,75800,78200,199357,2346000.0,30000000.0
2011-06-07,77900,77900,76400,77300,83885,2319000.0,30000000.0
2011-06-08,76600,77600,74600,74600,204539,2238000.0,30000000.0
2011-06-09,74200,76300,73200,75000,236787,2250000.0,30000000.0
2011-06-10,75600,75800,72600,72600,200295,2178000.0,30000000.0
2011-06-13,71800,72700,71400,72300,98943,2169000.0,30000000.0
2011-06-14,71900,74400,71900,74400,98055,2232000.0,30000000.0
2011-06-15,74400,74400,72600,72900,125927,2187000.0,30000000.0
2011-06-16,71900,72300,69600,70300,249625,2109000.0,30000000.0
2011-06-17,70600,71300,69600,70100,158436,2103000.0,30000000.0
2011-06-20,70000,71600,70000,71000,82278,2130000.0,30000000.0
2011-06-21,71500,72900,71500,72700,94052,2181000.0,30000000.0
2011-06-22,73300,75000,73300,74900,132194,2247000.0,30000000.0
2011-06-23,74600,75400,73700,75400,96697,2262000.0,30000000.0
2011-06-24,75000,76500,75000,76400,106194,2292000.0,30000000.0
2011-06-27,75400,75900,74500,75500,70201,2265000.0,30000000.0
2011-06-28,75600,76400,74500,75600,83152,2268000.0,30000000.0
2011-06-29,76300,77400,76000,77400,132814,2322000.0,30000000.0
2011-06-30,77400,77700,76400,77000,95795,2310000.0,30000000.0
2011-07-01,77500,78200,77300,77500,87178,2325000.0,30000000.0
2011-07-04,77500,77900,77200,77600,84550,2328000.0,30000000.0
2011-07-05,78000,78400,77600,78100,74954,2343000.0,30000000.0
2011-07-06,78000,78400,77100,77300,70938,2319000.0,30000000.0
2011-07-07,77000,78800,75800,76300,147825,2289000.0,30000000.0
2011-07-08,77000,77100,75900,76900,110080,2307000.0,30000000.0
2011-07-11,76700,77800,76500,76900,64599,2307000.0,30000000.0
2011-07-12,76000,76500,74900,76100,81136,2283000.0,30000000.0
2011-07-13,76100,76600,74000,75000,127887,2250000.0,30000000.0
2011-07-14,74800,75400,73600,74500,113269,2235000.0,30000000.0
2011-07-15,74500,76000,74300,75500,105691,2265000.0,30000000.0
2011-07-18,75300,76000,74600,74600,137361,2238000.0,30000000.0
2011-07-19,74600,80400,74600,80000,504783,2400000.0,30000000.0
2011-07-20,80800,81200,79700,80700,240583,2421000.0,30000000.0
2011-07-21,80700,80800,78400,80200,228369,2406000.0,30000000.0
2011-07-22,80300,80800,79200,79600,178988,2388000.0,30000000.0
2011-07-25,78800,79000,77800,78600,128571,2358000.0,30000000.0
2011-07-26,78800,81000,78800,80700,242604,2421000.0,30000000.0
2011-07-27,80700,81800,79700,79800,167887,2394000.0,30000000.0
2011-07-28,78500,79400,78100,78500,107083,2355000.0,30000000.0
2011-07-29,78500,78900,73800,73800,601768,2214000.0,30000000.0
2011-08-01,74600,75100,73800,74000,220081,2220000.0,30000000.0
2011-08-02,73400,74400,73200,73600,149814,2208000.0,30000000.0
2011-08-03,71500,72500,71100,71300,177245,2139000.0,30000000.0
2011-08-04,71600,72000,70400,70500,120306,2115000.0,30000000.0
2011-08-05,67000,68300,66500,67000,190335,2010000.0,30000000.0
2011-08-08,65200,67000,57200,60500,320627,1815000.0,30000000.0
2011-08-09,57000,58000,52300,57000,447108,1710000.0,30000000.0
2011-08-10,61000,61100,58500,60500,277674,1815000.0,30000000.0
2011-08-11,57100,63200,57100,62000,182965,1860000.0,30000000.0
2011-08-12,63300,64200,61000,61000,193135,1830000.0,30000000.0
2011-08-16,62300,63500,61100,62100,243087,1863000.0,30000000.0
2011-08-17,61400,64900,61100,64600,176150,1938000.0,30000000.0
2011-08-18,63900,64600,61700,61700,156060,1851000.0,30000000.0
2011-08-19,58900,60300,55000,56300,212815,1689000.0,30000000.0
2011-08-22,55700,58300,55000,55000,190862,1650000.0,30000000.0
2011-08-23,55100,57100,55100,56700,208834,1701000.0,30000000.0
2011-08-24,57300,57500,55100,55100,120571,1653000.0,30000000.0
2011-08-25,55700,57000,55300,56500,130037,1695000.0,30000000.0
2011-08-26,56000,57700,56000,57300,97306,1719000.0,30000000.0
2011-08-29,58000,59600,57200,59300,102724,1779000.0,30000000.0
2011-08-30,60200,61300,59700,59700,116599,1791000.0,30000000.0
2011-08-31,60200,62400,59700,62400,137962,1872000.0,30000000.0
2011-09-01,62100,64600,61600,62300,183966,1869000.0,30000000.0
2011-09-02,62400,63100,61400,62600,71639,1878000.0,30000000.0
2011-09-05,61400,61500,58500,59100,123231,1773000.0,30000000.0
2011-09-06,57300,58800,57200,57800,79160,1734000.0,30000000.0
2011-09-07,59100,60300,58900,60100,77591,1803000.0,30000000.0
2011-09-08,60700,61400,59000,59200,92751,1776000.0,30000000.0
2011-09-09,58100,59500,57700,58100,91953,1743000.0,30000000.0
2011-09-14,57700,58400,55300,55700,82401,1671000.0,30000000.0
2011-09-15,56900,57400,55000,56000,86611,1680000.0,30000000.0
2011-09-16,57100,59600,57100,59600,112484,1788000.0,30000000.0
2011-09-19,59600,59600,58200,58300,67541,1749000.0,30000000.0
2011-09-20,57900,59300,57200,59300,77538,1779000.0,30000000.0
2011-09-21,59300,61400,58600,60400,110188,1812000.0,30000000.0
2011-09-22,58600,59100,56800,57100,111872,1713000.0,30000000.0
2011-09-23,54500,54800,53000,53000,166473,1590000.0,30000000.0
2011-09-26,53200,54300,49200,50000,173246,1500000.0,30000000.0
2011-09-27,51000,52200,51000,52200,104249,1566000.0,30000000.0
2011-09-28,53000,53400,50000,50000,154217,1500000.0,30000000.0
2011-09-29,50000,51700,49250,51500,105835,1545000.0,30000000.0
2011-09-30,51600,52300,50800,51000,124824,1530000.0,30000000.0
2011-10-04,47950,48000,46000,47500,132760,1425000.0,30000000.0
2011-10-05,48150,48500,45800,46000,188569,1380000.0,30000000.0
2011-10-06,47100,49000,47100,48500,120341,1455000.0,30000000.0
2011-10-07,50000,51700,49600,51700,151855,1551000.0,30000000.0
2011-10-10,51500,52900,51300,52000,102498,1560000.0,30000000.0
2011-10-11,53400,54200,52300,52900,132840,1587000.0,30000000.0
2011-10-12,52500,53000,51700,52900,96026,1587000.0,30000000.0
2011-10-13,54000,55000,53500,53800,140151,1614000.0,30000000.0
2011-10-14,53300,53800,52000,53300,126502,1599000.0,30000000.0
2011-10-17,53800,54300,53000,53700,130425,1611000.0,30000000.0
2011-10-18,52200,54300,52100,54300,125134,1629000.0,30000000.0
2011-10-19,55100,55200,53500,54200,125018,1626000.0,30000000.0
2011-10-20,53800,55000,51400,51400,132508,1542000.0,30000000.0
2011-10-21,52200,54100,51700,54000,116435,1620000.0,30000000.0
2011-10-24,54700,56800,54700,56800,174012,1704000.0,30000000.0
2011-10-25,57500,57500,54500,54500,160685,1635000.0,30000000.0
2011-10-26,54000,56200,53800,56100,88602,1683000.0,30000000.0
2011-10-27,56700,57600,55600,57600,165559,1728000.0,30000000.0
2011-10-28,58800,59000,56500,56800,202581,1704000.0,30000000.0
2011-10-31,56600,57400,54900,55400,150243,1662000.0,30000000.0
2011-11-01,54200,55600,53700,54000,195874,1620000.0,30000000.0
2011-11-02,52500,53500,51600,53500,188558,1605000.0,30000000.0
2011-11-03,53900,53900,51700,52200,176345,1566000.0,30000000.0
2011-11-04,53000,54200,53000,54000,146437,1620000.0,30000000.0
2011-11-07,54000,54300,53100,53300,124142,1599000.0,30000000.0
2011-11-08,53800,54600,53200,53500,115302,1605000.0,30000000.0
2011-11-09,54200,54900,54000,54700,113372,1641000.0,30000000.0
2011-11-10,52600,53300,51300,51800,221787,1554000.0,30000000.0
2011-11-11,53000,56200,53000,56200,361286,1686000.0,30000000.0
2011-11-14,58600,58600,57000,58200,261289,1746000.0,30000000.0
2011-11-15,57300,59100,56900,58600,283584,1758000.0,30000000.0
2011-11-16,59400,59500,56900,56900,196807,1707000.0,30000000.0
2011-11-17,57500,58600,56500,58500,186855,1755000.0,30000000.0
2011-11-18,57400,58300,56600,58300,117254,1749000.0,30000000.0
2011-11-21,58300,58300,56200,57000,95650,1710000.0,30000000.0
2011-11-22,56800,60300,56600,60300,312799,1809000.0,30000000.0
2011-11-23,60000,60000,57100,57600,184976,1728000.0,30000000.0
2011-11-24,57500,59200,57000,59100,123980,1773000.0,30000000.0
2011-11-25,58300,59700,57000,57400,129807,1722000.0,30000000.0
2011-11-28,58100,59000,57400,58500,116296,1755000.0,30000000.0
2011-11-29,59100,60800,59000,60600,214432,1818000.0,30000000.0
2011-11-30,60500,62000,60100,61300,202358,1839000.0,30000000.0
2011-12-01,63200,64000,61700,62800,288671,1884000.0,30000000.0
2011-12-02,62300,63200,62200,62200,78805,1866000.0,30000000.0
2011-12-05,62900,63000,62000,63000,139232,1890000.0,30000000.0
2011-12-06,63000,63600,61100,61800,105610,1854000.0,30000000.0
2011-12-07,62000,63000,61500,62900,106506,1887000.0,30000000.0
2011-12-08,62900,63400,61700,61800,131402,1854000.0,30000000.0
2011-12-09,60400,61700,60200,60800,105805,1824000.0,30000000.0
2011-12-12,62100,62800,61500,62800,82183,1884000.0,30000000.0
2011-12-13,61900,62600,61100,62200,97689,1866000.0,30000000.0
2011-12-14,62200,64200,61800,63900,182074,1917000.0,30000000.0
2011-12-15,63900,64100,63000,63800,157622,1914000.0,30000000.0
2011-12-16,64200,65600,62700,64900,265027,1947000.0,30000000.0
2011-12-19,65200,65400,58600,62500,240935,1875000.0,30000000.0
2011-12-20,62500,63700,62000,63700,96950,1911000.0,30000000.0
2011-12-21,64900,65200,64100,64800,160042,1944000.0,30000000.0
2011-12-22,64700,65100,64200,64700,61961,1941000.0,30000000.0
2011-12-23,65500,67400,64900,66800,239822,2004000.0,30000000.0
2011-12-26,67500,67500,66000,66200,87831,1986000.0,30000000.0
2011-12-27,66200,66700,65100,65200,151242,1956000.0,30000000.0
2011-12-28,65100,67000,65000,65700,92146,1971000.0,30000000.0
2011-12-29,65200,66700,64700,66500,109373,1995000.0,30000000.0
2012-01-02,66500,66600,64500,64700,106603,1941000.0,30000000.0
2012-01-03,65300,66200,64600,66000,137987,1980000.0,30000000.0
2012-01-04,66400,66600,65300,66600,124013,1998000.0,30000000.0
2012-01-05,67100,68300,66800,67500,167113,2025000.0,30000000.0
2012-01-06,67500,67800,66300,67800,114696,2034000.0,30000000.0
2012-01-09,67500,67700,66200,67500,100663,2025000.0,30000000.0
2012-01-10,67400,69100,67400,68300,119936,2049000.0,30000000.0
2012-01-11,68400,68600,66500,67200,122867,2016000.0,30000000.0
2012-01-12,67500,67800,66100,66900,87140,2007000.0,30000000.0
2012-01-13,66800,68100,66700,68000,107938,2040000.0,30000000.0
2012-01-16,67800,68000,66300,66600,100215,1998000.0,30000000.0
2012-01-17,66900,67600,66300,67600,136421,2028000.0,30000000.0
2012-01-18,67200,67500,66400,66700,95120,2001000.0,30000000.0
2012-01-19,67000,67600,65500,65700,176757,1971000.0,30000000.0
2012-01-20,66000,67800,66000,66700,144573,2001000.0,30000000.0
2012-01-25,66800,67800,65100,65100,182156,1953000.0,30000000.0
2012-01-26,65000,66200,64100,64600,230544,1938000.0,30000000.0
2012-01-27,65000,65500,64600,65300,82062,1959000.0,30000000.0
2012-01-30,64700,65600,64700,65000,79487,1950000.0,30000000.0
2012-01-31,65300,65600,64600,65600,96528,1968000.0,30000000.0
2012-02-01,66000,67900,65600,67900,246479,2037000.0,30000000.0
2012-02-02,68400,69300,68200,68200,201191,2046000.0,30000000.0
2012-02-03,68300,69300,67500,69000,123049,2070000.0,30000000.0
2012-02-06,69600,70700,68500,70100,211319,2103000.0,30000000.0
2012-02-07,70400,71000,69100,69500,103134,2085000.0,30000000.0
2012-02-08,69600,71500,69000,70800,143094,2124000.0,30000000.0
2012-02-09,71400,71800,70500,71300,117554,2139000.0,30000000.0
2012-02-10,70800,71100,69700,70100,101776,2103000.0,30000000.0
2012-02-13,69700,71600,69700,70100,85204,2103000.0,30000000.0
2012-02-14,70000,70900,69500,70500,67285,2115000.0,30000000.0
2012-02-15,70100,70500,68900,70000,97603,2100000.0,30000000.0
2012-02-16,69100,69800,67600,67800,102743,2034000.0,30000000.0
2012-02-17,68200,68800,66700,67000,126962,2010000.0,30000000.0
2012-02-20,67300,68300,67100,68200,80599,2046000.0,30000000.0
2012-02-21,67700,68400,66700,67700,77944,2031000.0,30000000.0
2012-02-22,67600,67800,66700,66800,85563,2004000.0,30000000.0
2012-02-23,67400,67400,64000,65000,214438,1950000.0,30000000.0
2012-02-24,65900,65900,63700,64800,200050,1944000.0,30000000.0
2012-02-27,65200,65200,63500,63800,127790,1914000.0,30000000.0
2012-02-28,64500,64500,63000,64300,98965,1929000.0,30000000.0
2012-02-29,65000,68300,65000,68300,298206,2049000.0,30000000.0
2012-03-02,68400,68900,67700,68700,150676,2061000.0,30000000.0
2012-03-05,68600,68900,66900,67000,110718,2010000.0,30000000.0
2012-03-06,66900,67700,65700,67100,92253,2013000.0,30000000.0
2012-03-07,65500,66300,64900,64900,118348,1947000.0,30000000.0
2012-03-08,65000,65200,64300,64800,179145,1944000.0,30000000.0
2012-03-09,64900,65800,64400,65200,145927,1956000.0,30000000.0
2012-03-12,65300,66400,65000,65200,88685,1956000.0,30000000.0
2012-03-13,65600,67800,65600,67700,142666,2031000.0,30000000.0
2012-03-14,68100,68200,66900,66900,92857,2007000.0,30000000.0
2012-03-15,65700,68000,65600,67500,109586,2025000.0,30000000.0
2012-03-16,68300,68700,67400,67800,121584,2034000.0,30000000.0
2012-03-19,67600,68400,67100,67300,62110,2019000.0,30000000.0
2012-03-20,67100,68100,65700,67800,121440,2034000.0,30000000.0
2012-03-21,67500,67900,66700,67000,95168,2010000.0,30000000.0
2012-03-22,67000,67500,65800,66600,79097,1998000.0,30000000.0
2012-03-23,66200,66900,65100,65700,80529,1971000.0,30000000.0
2012-03-26,65800,66400,64500,65600,76287,1968000.0,30000000.0
2012-03-27,66100,66500,65200,65900,67875,1977000.0,30000000.0
2012-03-28,66000,67100,65200,66500,68461,1995000.0,30000000.0
2012-03-29,66500,66500,64900,65300,65732,1959000.0,30000000.0
2012-03-30,65000,66500,64800,65700,53281,1971000.0,30000000.0
2012-04-02,66000,66400,64600,64600,80480,1938000.0,30000000.0
2012-04-03,64700,64900,62400,63900,161363,1917000.0,30000000.0
2012-04-04,63100,63400,61600,63400,111505,1902000.0,30000000.0
2012-04-05,63000,63000,61700,61800,60456,1854000.0,30000000.0
2012-04-06,61800,62300,60800,60800,70765,1824000.0,30000000.0
2012-04-09,60000,60800,59300,59900,97779,1797000.0,30000000.0
2012-04-10,59900,60800,59200,60200,77627,1806000.0,30000000.0
2012-04-12,59700,60500,59300,60000,55040,1800000.0,30000000.0
2012-04-13,61000,62000,60600,62000,65426,1860000.0,30000000.0
2012-04-16,61100,61100,60400,60400,62001,1812000.0,30000000.0
2012-04-17,60300,60700,59800,60700,64085,1821000.0,30000000.0
2012-04-18,61000,61800,60700,61500,79632,1845000.0,30000000.0
2012-04-19,61000,61500,60500,61000,39311,1830000.0,30000000.0
2012-04-20,60700,61400,60000,60400,76003,1812000.0,30000000.0
2012-04-23,60200,60900,60000,60400,41998,1812000.0,30000000.0
2012-04-24,59200,59800,59000,59300,70004,1779000.0,30000000.0
2012-04-25,59400,59600,57200,57600,134552,1728000.0,30000000.0
2012-04-26,58000,58100,56500,57400,62720,1722000.0,30000000.0
2012-04-27,57200,57800,55900,57600,85176,1728000.0,30000000.0
2012-04-30,57500,57900,56600,57800,77204,1734000.0,30000000.0
2012-05-02,57300,58600,56300,58500,107751,1755000.0,30000000.0
2012-05-03,58500,58600,57300,58000,106701,1740000.0,30000000.0
2012-05-04,57800,59200,57500,58900,94677,1767000.0,30000000.0
2012-05-07,57800,58500,57400,58000,59273,1740000.0,30000000.0
2012-05-08,58000,59500,57800,59500,71011,1785000.0,30000000.0
2012-05-09,59100,59500,58100,58100,49538,1743000.0,30000000.0
2012-05-10,58500,61400,58100,60900,191877,1827000.0,30000000.0
2012-05-11,61100,61100,59200,60500,80601,1815000.0,30000000.0
2012-05-14,60200,60400,59300,59700,66172,1791000.0,30000000.0
2012-05-15,58600,59300,58000,59100,60491,1773000.0,30000000.0
2012-05-16,58500,59700,57300,57300,103660,1719000.0,30000000.0
2012-05-17,58000,58100,56400,56500,105746,1695000.0,30000000.0
2012-05-18,55400,55800,53100,53100,119147,1593000.0,30000000.0
2012-05-21,53900,54100,52800,53300,66718,1599000.0,30000000.0
2012-05-22,53700,54300,53200,54100,121109,1623000.0,30000000.0
2012-05-23,53300,53400,50200,50300,316793,1509000.0,30000000.0
2012-05-24,50500,52600,50400,52500,165471,1575000.0,30000000.0
2012-05-25,52500,54300,51800,53900,169835,1617000.0,30000000.0
2012-05-29,53000,55200,53000,54600,117154,1638000.0,30000000.0
2012-05-30,54100,56300,54100,55400,89483,1662000.0,30000000.0
2012-05-31,54700,56500,54400,55700,102544,1671000.0,30000000.0
2012-06-01,55200,56500,55100,56400,57788,1692000.0,30000000.0
2012-06-04,54800,55500,51600,52800,169773,1584000.0,30000000.0
2012-06-05,53300,55400,52400,54700,94695,1641000.0,30000000.0
2012-06-07,55400,56300,55300,55700,49961,1671000.0,30000000.0
2012-06-08,55600,56400,55100,56100,53813,1683000.0,30000000.0
2012-06-11,56200,57000,55900,57000,56876,1710000.0,30000000.0
2012-06-12,56100,56900,55300,56400,35453,1692000.0,30000000.0
2012-06-13,56500,56900,55700,56400,34073,1692000.0,30000000.0
2012-06-14,55600,58700,55600,58600,136540,1758000.0,30000000.0
2012-06-15,58800,59100,57900,58400,81623,1752000.0,30000000.0
2012-06-18,59500,60000,59400,59900,112724,1797000.0,30000000.0
2012-06-19,59400,60400,59200,60400,56840,1812000.0,30000000.0
2012-06-20,61000,62100,60700,61600,176796,1848000.0,30000000.0
2012-06-21,61600,62600,61200,62000,100172,1860000.0,30000000.0
2012-06-22,61500,62500,61100,62000,89390,1860000.0,30000000.0
2012-06-25,61600,61700,60300,61100,96859,1833000.0,30000000.0
2012-06-26,60300,62700,60300,62700,83415,1881000.0,30000000.0
2012-06-27,63000,63400,61400,63400,75022,1902000.0,30000000.0
2012-06-28,64000,64300,62900,63900,96768,1917000.0,30000000.0
2012-06-29,62800,64700,62700,64700,103490,1941000.0,30000000.0
2012-07-02,64200,64700,63300,63400,80689,1902000.0,30000000.0
2012-07-03,63100,64400,63100,64400,92321,1932000.0,30000000.0
2012-07-04,64000,65100,63100,64300,146473,1929000.0,30000000.0
2012-07-05,64300,64300,63300,63400,101309,1902000.0,30000000.0
2012-07-06,63200,64000,62600,64000,76504,1920000.0,30000000.0
2012-07-09,63100,64000,63100,63400,40281,1902000.0,30000000.0
2012-07-10,63400,64000,62700,63400,62715,1902000.0,30000000.0
2012-07-11,62600,64200,62600,63500,67498,1905000.0,30000000.0
2012-07-12,63200,64400,60600,60600,84646,1818000.0,30000000.0
2012-07-13,60500,62500,59700,61700,105838,1851000.0,30000000.0
2012-07-16,61500,61700,60100,60700,82085,1821000.0,30000000.0
2012-07-17,60700,61100,59900,60700,81821,1821000.0,30000000.0
2012-07-18,60800,61300,60000,60100,64100,1803000.0,30000000.0
2012-07-19,60800,63200,60700,63200,107247,1896000.0,30000000.0
2012-07-20,62800,63400,62000,62800,55993,1884000.0,30000000.0
2012-07-23,61700,62700,60000,60200,59518,1806000.0,30000000.0
2012-07-24,60200,61300,59800,60200,112814,1806000.0,30000000.0
2012-07-25,59900,60500,59000,60200,81947,1806000.0,30000000.0
2012-07-26,60300,62400,59600,62400,89361,1872000.0,30000000.0
2012-07-27,63000,63000,61900,63000,86206,1890000.0,30000000.0
2012-07-30,63600,63800,62300,62300,49436,1869000.0,30000000.0
2012-07-31,63000,65800,62700,65700,221875,1971000.0,30000000.0
2012-08-01,65600,66900,65200,66500,153779,1995000.0,30000000.0
2012-08-02,66900,67100,65600,66000,94563,1980000.0,30000000.0
2012-08-03,65000,66500,65000,65800,100876,1974000.0,30000000.0
2012-08-06,66700,68000,66100,67000,118806,2010000.0,30000000.0
2012-08-07,67400,68200,66800,67500,94429,2025000.0,30000000.0
2012-08-08,67100,67800,65800,67000,158399,2010000.0,30000000.0
2012-08-09,66500,67900,65700,66400,215642,1992000.0,30000000.0
2012-08-10,66800,66900,65700,66600,94066,1998000.0,30000000.0
2012-08-13,67000,67000,66100,66900,75969,2007000.0,30000000.0
2012-08-14,67300,67400,66600,67300,114410,2019000.0,30000000.0
2012-08-16,67400,68700,67300,68500,191389,2055000.0,30000000.0
2012-08-17,68300,68900,67700,68500,92964,2055000.0,30000000.0
2012-08-20,68900,69000,66500,66500,133041,1995000.0,30000000.0
2012-08-21,67000,67400,66400,67000,58479,2010000.0,30000000.0
2012-08-22,67200,67300,65700,66900,76159,2007000.0,30000000.0
2012-08-23,66900,67300,66300,67000,64085,2010000.0,30000000.0
2012-08-24,66800,67400,66100,67000,76535,2010000.0,30000000.0
2012-08-27,67000,68200,66900,68000,79202,2040000.0,30000000.0
2012-08-28,67700,67900,66100,66100,65280,1983000.0,30000000.0
2012-08-29,66300,66400,65000,65400,108063,1962000.0,30000000.0
2012-08-30,65500,65600,64200,64500,77850,1935000.0,30000000.0
2012-08-31,64200,65200,64200,64500,54206,1935000.0,30000000.0
2012-09-03,64500,65800,64200,64900,52928,1947000.0,30000000.0
2012-09-04,64700,65800,64700,64700,45716,1941000.0,30000000.0
2012-09-05,64300,64800,63700,64700,54318,1941000.0,30000000.0
2012-09-06,64500,67000,64300,66900,104382,2007000.0,30000000.0
2012-09-07,66900,68800,66900,68500,153015,2055000.0,30000000.0
2012-09-10,68000,68000,67300,67900,48212,2037000.0,30000000.0
2012-09-11,68000,68000,66200,67500,75575,2025000.0,30000000.0
2012-09-12,67800,68400,67100,68200,82249,2046000.0,30000000.0
2012-09-13,67700,68300,66800,67500,75648,2025000.0,30000000.0
2012-09-14,68300,69000,67800,69000,135804,2070000.0,30000000.0
2012-09-17,68700,69900,68200,69000,86002,2070000.0,30000000.0
2012-09-18,68600,68800,68100,68700,37200,2061000.0,30000000.0
2012-09-19,68700,69700,68400,69500,58807,2085000.0,30000000.0
2012-09-20,69300,70400,69000,70300,94143,2109000.0,30000000.0
2012-09-21,70700,70700,69000,70200,96599,2106000.0,30000000.0
2012-09-24,70200,70500,68600,69600,51556,2088000.0,30000000.0
2012-09-25,69500,69500,67900,68800,82264,2064000.0,30000000.0
2012-09-26,68000,68700,67700,68200,43831,2046000.0,30000000.0
2012-09-27,67600,69900,67200,69900,91647,2097000.0,30000000.0
2012-09-28,69500,70200,68800,69800,66306,2094000.0,30000000.0
2012-10-02,68800,70000,68300,68300,60343,2049000.0,30000000.0
2012-10-04,68500,69700,68500,68700,62284,2061000.0,30000000.0
2012-10-05,69100,69900,68700,69000,57653,2070000.0,30000000.0
2012-10-08,69000,69300,67800,68400,46462,2052000.0,30000000.0
2012-10-09,68400,69000,68100,68700,49019,2061000.0,30000000.0
2012-10-10,68600,68600,67000,67200,45935,2016000.0,30000000.0
2012-10-11,66600,68000,66400,67200,55368,2016000.0,30000000.0
2012-10-12,67700,67800,65000,65100,90749,1953000.0,30000000.0
2012-10-15,64700,65700,64100,65700,75011,1971000.0,30000000.0
2012-10-16,66000,66500,65100,66000,52336,1980000.0,30000000.0
2012-10-17,66400,67200,66100,66300,36447,1989000.0,30000000.0
2012-10-18,66800,67300,65100,65700,74463,1971000.0,30000000.0
2012-10-19,65700,67500,65200,67500,52810,2025000.0,30000000.0
2012-10-22,66500,67500,65800,66900,46802,2007000.0,30000000.0
2012-10-23,66600,67300,65800,65900,51403,1977000.0,30000000.0
2012-10-24,65600,65700,64200,64200,62351,1926000.0,30000000.0
2012-10-25,64500,64600,62600,64500,93231,1935000.0,30000000.0
2012-10-26,64300,64600,62300,62300,50387,1869000.0,30000000.0
2012-10-29,62400,63000,61500,62900,41104,1887000.0,30000000.0
2012-10-30,63500,64500,63000,63800,49961,1914000.0,30000000.0
2012-10-31,65900,68200,65700,68200,189158,2046000.0,30000000.0
2012-11-01,68300,68400,66600,67500,106249,2025000.0,30000000.0
2012-11-02,68100,70000,67400,70000,151354,2100000.0,30000000.0
2012-11-05,69800,70400,69200,69500,73564,2085000.0,30000000.0
2012-11-06,69500,70000,69300,70000,49713,2100000.0,30000000.0
2012-11-07,70100,70700,68900,70700,74672,2121000.0,30000000.0
2012-11-08,69600,70400,68800,70200,83767,2106000.0,30000000.0
2012-11-09,69100,70000,68800,69600,72912,2088000.0,30000000.0
2012-11-12,69300,72200,69000,72200,116197,2166000.0,30000000.0
2012-11-13,71800,72200,70200,70800,90006,2124000.0,30000000.0
2012-11-14,70800,71500,69000,70800,90764,2124000.0,30000000.0
2012-11-15,69900,71000,69000,71000,51847,2130000.0,30000000.0
2012-11-16,71000,71300,69400,70200,59413,2106000.0,30000000.0
2012-11-19,70500,71200,70000,70200,60932,2106000.0,30000000.0
2012-11-20,70600,72100,69800,71900,118795,2157000.0,30000000.0
2012-11-21,71900,72900,71200,72700,117839,2181000.0,30000000.0
2012-11-22,72900,73400,71900,72200,113572,2166000.0,30000000.0
2012-11-23,72200,72900,70600,72000,101450,2160000.0,30000000.0
2012-11-26,72100,72700,71200,71800,50566,2154000.0,30000000.0
2012-11-27,72000,73300,71700,72100,102736,2163000.0,30000000.0
2012-11-28,72000,72300,70900,71000,45755,2130000.0,30000000.0
2012-11-29,72000,72900,71400,72600,87082,2178000.0,30000000.0
2012-11-30,72400,73200,71800,73000,98303,2190000.0,30000000.0
2012-12-03,73000,73500,71900,71900,54699,2157000.0,30000000.0
2012-12-04,71800,73000,71500,73000,52228,2190000.0,30000000.0
2012-12-05,73500,73900,72500,73700,101655,2211000.0,30000000.0
2012-12-06,73700,74300,71600,71700,130982,2151000.0,30000000.0
2012-12-07,71900,72500,70200,70900,125377,2127000.0,30000000.0
2012-12-10,70700,71500,70000,70400,57891,2112000.0,30000000.0
2012-12-11,70600,71400,69300,69900,73356,2097000.0,30000000.0
2012-12-12,70000,71500,69800,70900,82376,2127000.0,30000000.0
2012-12-13,70500,71300,69900,70300,119463,2109000.0,30000000.0
2012-12-14,70300,70800,69500,69500,78904,2085000.0,30000000.0
2012-12-17,69600,70800,68200,68400,79173,2052000.0,30000000.0
2012-12-18,68600,69900,68600,69700,70224,2091000.0,30000000.0
2012-12-20,70000,70700,68300,68600,115246,2058000.0,30000000.0
2012-12-21,69000,69500,67500,68000,105857,2040000.0,30000000.0
2012-12-24,68200,68700,67500,68500,57337,2055000.0,30000000.0
2012-12-26,69000,69200,66600,66800,179825,2004000.0,30000000.0
2012-12-27,66600,67300,66500,66700,60511,2001000.0,30000000.0
2012-12-28,66600,67700,66600,67100,72257,2013000.0,30000000.0
2013-01-02,68100,70500,68000,70400,129363,2112000.0,30000000.0
2013-01-03,70700,70700,69100,69700,86146,2091000.0,30000000.0
2013-01-04,69700,70300,68700,68800,89864,2064000.0,30000000.0
2013-01-07,69100,69200,67900,68500,91868,2055000.0,30000000.0
2013-01-08,68400,69400,67800,67800,107620,2034000.0,30000000.0
2013-01-09,67800,68300,67600,67600,47375,2028000.0,30000000.0
2013-01-10,67700,69500,67200,69500,93749,2085000.0,30000000.0
2013-01-11,69800,69800,67800,67900,97008,2037000.0,30000000.0
2013-01-14,67700,67700,65200,65400,194541,1962000.0,30000000.0
2013-01-15,65400,66200,64800,65400,108716,1962000.0,30000000.0
2013-01-16,65700,65900,64200,64600,54369,1938000.0,30000000.0
2013-01-17,64500,65400,64300,64800,89484,1944000.0,30000000.0
2013-01-18,65600,67300,64400,66900,95624,2007000.0,30000000.0
2013-01-21,67300,67300,66100,66900,104712,2007000.0,30000000.0
2013-01-22,66900,67800,66100,67800,87015,2034000.0,30000000.0
2013-01-23,69200,69600,66600,66600,159874,1998000.0,30000000.0
2013-01-24,66900,68000,66600,68000,82044,2040000.0,30000000.0
2013-01-25,68000,68000,65300,65900,131168,1977000.0,30000000.0
2013-01-28,65900,66400,64600,65200,105155,1956000.0,30000000.0
2013-01-29,65000,65800,65000,65400,60626,1962000.0,30000000.0
2013-01-30,66000,66900,65700,65900,209695,1977000.0,30000000.0
2013-01-31,65600,67700,65600,67400,129434,2022000.0,30000000.0
2013-02-01,66600,67400,66000,67200,91699,2016000.0,30000000.0
2013-02-04,67800,67900,65800,65900,59802,1977000.0,30000000.0
2013-02-05,65300,66500,65100,65500,49304,1965000.0,30000000.0
2013-02-06,66300,66400,64400,64400,102140,1932000.0,30000000.0
2013-02-07,64100,65000,63300,63300,118955,1899000.0,30000000.0
2013-02-08,63500,64400,63100,64200,114422,1926000.0,30000000.0
2013-02-12,64200,64900,63700,63700,60326,1911000.0,30000000.0
2013-02-13,63900,65400,63800,65400,57172,1962000.0,30000000.0
2013-02-14,65400,65700,64600,65500,46882,1965000.0,30000000.0
2013-02-15,65500,66000,65100,65700,46635,1971000.0,30000000.0
2013-02-18,66000,66000,65200,65500,32721,1965000.0,30000000.0
2013-02-19,65500,65900,64900,65400,49636,1962000.0,30000000.0
2013-02-20,65700,66200,65200,66200,102839,1986000.0,30000000.0
2013-02-21,66200,66200,64300,64300,121591,1929000.0,30000000.0
2013-02-22,64700,65600,64300,65600,63926,1968000.0,30000000.0
2013-02-25,65600,66300,65300,66100,79188,1983000.0,30000000.0
2013-02-26,65400,66000,65000,65000,44019,1950000.0,30000000.0
2013-02-27,65600,66300,65300,65700,82906,1971000.0,30000000.0
2013-02-28,66300,66900,66100,66800,84374,2004000.0,30000000.0
2013-03-04,66800,67000,65500,66000,55120,1980000.0,30000000.0
2013-03-05,66200,66400,65200,65700,80508,1971000.0,30000000.0
2013-03-06,66300,66600,65600,65700,56925,1971000.0,30000000.0
2013-03-07,65400,66200,65400,66000,45347,1980000.0,30000000.0
2013-03-08,66300,66300,65200,65700,65636,1971000.0,30000000.0
2013-03-11,65700,65900,64600,64900,54636,1947000.0,30000000.0
2013-03-12,64900,65000,63700,64000,141329,1920000.0,30000000.0
2013-03-13,64000,64400,63300,64000,87406,1920000.0,30000000.0
2013-03-14,63800,64700,63300,64700,122459,1941000.0,30000000.0
2013-03-15,64900,65000,64000,64000,47280,1920000.0,30000000.0
2013-03-18,63900,64500,63100,63500,69931,1905000.0,30000000.0
2013-03-19,63300,64300,63200,63900,53530,1917000.0,30000000.0
2013-03-20,63700,63800,62600,63200,91702,1896000.0,30000000.0
2013-03-21,63300,63400,61600,61800,121108,1854000.0,30000000.0
2013-03-22,61600,62300,60500,60700,132179,1821000.0,30000000.0
2013-03-25,61500,61600,60800,60800,74705,1824000.0,30000000.0
2013-03-26,60800,61200,59700,60000,133597,1800000.0,30000000.0
2013-03-27,60400,60800,59800,60500,112498,1815000.0,30000000.0
2013-03-28,60500,61500,60500,61100,62186,1833000.0,30000000.0
2013-03-29,61500,62200,61200,61600,60121,1848000.0,30000000.0
2013-04-01,61900,61900,60500,60500,115251,1815000.0,30000000.0
2013-04-02,60700,61100,60000,61000,90790,1830000.0,30000000.0
2013-04-03,61100,61500,60200,60900,95488,1827000.0,30000000.0
2013-04-04,60700,60700,58800,59500,117918,1785000.0,30000000.0
2013-04-05,59400,59700,57500,58500,84159,1755000.0,30000000.0
2013-04-08,58200,59600,58100,59000,62826,1770000.0,30000000.0
2013-04-09,58500,59500,58100,58100,76382,1743000.0,30000000.0
2013-04-10,58300,59000,58100,59000,37304,1770000.0,30000000.0
2013-04-11,59300,60400,58900,60400,59784,1812000.0,30000000.0
2013-04-12,60400,61300,59500,59500,88904,1785000.0,30000000.0
2013-04-15,59600,60000,57700,58100,108930,1743000.0,30000000.0
2013-04-16,57000,57700,55600,56100,221427,1683000.0,30000000.0
2013-04-17,56400,56600,54000,55900,172274,1677000.0,30000000.0
2013-04-18,55900,56600,54500,54600,131769,1638000.0,30000000.0
2013-04-19,54700,59400,54700,59300,163460,1779000.0,30000000.0
2013-04-22,58800,60000,58500,59300,64466,1779000.0,30000000.0
2013-04-23,58900,60800,58800,60400,96075,1812000.0,30000000.0
2013-04-24,61100,62000,60500,61100,121314,1833000.0,30000000.0
2013-04-25,60700,61900,60400,61300,74883,1839000.0,30000000.0
2013-04-26,61400,61400,59800,59800,80661,1794000.0,30000000.0
2013-04-29,59100,61800,59100,61300,83629,1839000.0,30000000.0
2013-04-30,60900,62400,60900,62200,99918,1866000.0,30000000.0
2013-05-02,61800,62100,61100,61100,43562,1833000.0,30000000.0
2013-05-03,61400,62200,61200,61900,98147,1857000.0,30000000.0
2013-05-06,61900,62800,60800,61000,134621,1830000.0,30000000.0
2013-05-07,60700,62300,60700,62300,66476,1869000.0,30000000.0
2013-05-08,62600,62700,61500,62700,99103,1881000.0,30000000.0
2013-05-09,62800,64500,62600,64000,146945,1920000.0,30000000.0
2013-05-10,63800,63800,61300,61600,178082,1848000.0,30000000.0
2013-05-13,61700,62600,61600,62200,52864,1866000.0,30000000.0
2013-05-14,62200,63100,61900,62800,78916,1884000.0,30000000.0
2013-05-15,62800,63200,62100,63200,68417,1896000.0,30000000.0
2013-05-16,63300,63300,62300,62800,98960,1884000.0,30000000.0
2013-05-20,62100,63100,62100,62500,44309,1875000.0,30000000.0
2013-05-21,62600,63200,62500,62500,34036,1875000.0,30000000.0
2013-05-22,62600,63400,62600,63200,66711,1896000.0,30000000.0
2013-05-23,62900,63100,61700,61700,83293,1851000.0,30000000.0
2013-05-24,61800,62100,60700,61000,101017,1830000.0,30000000.0
2013-05-27,61100,61600,61000,61000,25188,1830000.0,30000000.0
2013-05-28,61000,62200,61000,61500,41173,1845000.0,30000000.0
2013-05-29,62100,62600,61700,62100,75345,1863000.0,30000000.0
2013-05-30,61500,61900,58300,59500,284219,1785000.0,30000000.0
2013-05-31,60300,61100,60100,61000,108696,1830000.0,30000000.0
2013-06-03,60700,61900,60700,61900,77215,1857000.0,30000000.0
2013-06-04,62500,62500,61100,61500,53979,1845000.0,30000000.0
2013-06-05,61200,61700,60400,60400,69820,1812000.0,30000000.0
2013-06-07,59600,61600,59600,61200,52767,1836000.0,30000000.0
2013-06-10,61200,61200,60200,60400,58945,1812000.0,30000000.0
2013-06-11,60400,60400,59100,60300,87647,1809000.0,30000000.0
2013-06-12,60400,60400,59300,59400,59692,1782000.0,30000000.0
2013-06-13,59400,59500,58000,58100,115662,1743000.0,30000000.0
2013-06-14,58300,59100,58200,59000,46059,1770000.0,30000000.0
2013-06-17,59000,59500,58200,58200,31444,1746000.0,30000000.0
2013-06-18,58700,59300,58200,59200,41538,1776000.0,30000000.0
2013-06-19,58800,59600,58300,58500,43908,1755000.0,30000000.0
2013-06-20,58000,58500,56800,56900,59530,1707000.0,30000000.0
2013-06-21,56000,56400,54900,56300,73158,1689000.0,30000000.0
2013-06-24,56300,56700,55300,56300,49452,1689000.0,30000000.0
2013-06-25,55800,55800,53500,53700,87985,1611000.0,30000000.0
2013-06-26,54200,54800,53600,54300,54154,1629000.0,30000000.0
2013-06-27,54600,56400,54600,56300,69379,1689000.0,30000000.0
2013-06-28,56400,57500,55800,57300,108307,1719000.0,30000000.0
2013-07-01,56700,57100,56400,56500,54486,1695000.0,30000000.0
2013-07-02,56600,58400,55900,58300,83837,1749000.0,30000000.0
2013-07-03,57500,57900,56600,57600,68857,1728000.0,30000000.0
2013-07-04,57400,58200,56400,56700,55698,1701000.0,30000000.0
2013-07-05,56600,58800,56600,58700,142786,1761000.0,30000000.0
2013-07-08,58800,58800,56800,57000,63504,1710000.0,30000000.0
2013-07-09,57600,59800,56900,59800,112109,1794000.0,30000000.0
2013-07-10,59800,60200,58700,59000,51108,1770000.0,30000000.0
2013-07-11,58700,62600,58700,62600,369194,1878000.0,30000000.0
2013-07-12,62600,63200,61300,61800,170732,1854000.0,30000000.0
2013-07-15,61700,63000,61100,62300,178396,1869000.0,30000000.0
2013-07-16,62800,63200,61900,63000,145617,1890000.0,30000000.0
2013-07-17,62400,64000,62100,64000,148374,1920000.0,30000000.0
2013-07-18,63200,64800,62600,64600,212075,1938000.0,30000000.0
2013-07-19,64800,66600,64200,65900,263603,1977000.0,30000000.0
2013-07-22,66600,66700,65400,66100,162555,1983000.0,30000000.0
2013-07-23,66500,67000,65700,66900,95861,2007000.0,30000000.0
2013-07-24,66700,67500,66400,67400,166032,2022000.0,30000000.0
2013-07-25,66600,67600,66600,67500,122256,2025000.0,30000000.0
2013-07-26,67000,68400,66600,67300,169278,2019000.0,30000000.0
2013-07-29,67200,67900,65800,66100,89294,1983000.0,30000000.0
2013-07-30,66500,67600,65200,67500,72334,2025000.0,30000000.0
2013-07-31,67500,67700,66800,67100,39637,2013000.0,30000000.0
2013-08-01,67700,67700,66000,67000,41927,2010000.0,30000000.0
2013-08-02,67400,67500,66000,66100,54481,1983000.0,30000000.0
2013-08-05,65800,66500,65700,66200,64118,1986000.0,30000000.0
2013-08-06,66500,66500,65200,66000,51827,1980000.0,30000000.0
2013-08-07,65000,66100,65000,65400,83739,1962000.0,30000000.0
2013-08-08,65700,66000,65100,65300,43073,1959000.0,30000000.0
2013-08-09,64500,65200,63700,64900,93681,1947000.0,30000000.0
2013-08-12,65200,65900,63800,63800,52534,1914000.0,30000000.0
2013-08-13,64900,65200,63500,65000,82933,1950000.0,30000000.0
2013-08-14,65000,65000,64200,64600,44583,1938000.0,30000000.0
2013-08-16,63900,64200,63200,63400,51892,1902000.0,30000000.0
2013-08-19,63500,66100,63000,65300,118893,1959000.0,30000000.0
2013-08-20,64900,65900,62600,63700,111746,1911000.0,30000000.0
2013-08-21,63800,63900,61200,62300,91009,1869000.0,30000000.0
2013-08-22,61800,62300,61100,61700,67991,1851000.0,30000000.0
2013-08-23,62000,62800,61200,62500,119216,1875000.0,30000000.0
2013-08-26,62300,63700,61600,63400,105249,1902000.0,30000000.0
2013-08-27,62900,63400,61500,61500,103474,1845000.0,30000000.0
2013-08-28,60300,61400,60000,61400,87094,1842000.0,30000000.0
2013-08-29,61400,62800,61400,62200,69258,1866000.0,30000000.0
2013-08-30,62500,63300,61700,61900,81738,1857000.0,30000000.0
2013-09-02,61800,64000,61800,63800,69668,1914000.0,30000000.0
2013-09-03,63800,65200,63700,64700,75512,1941000.0,30000000.0
2013-09-04,64700,64900,64200,64700,72928,1941000.0,30000000.0
2013-09-05,64500,65000,64100,64500,66736,1935000.0,30000000.0
2013-09-06,64200,64400,63500,63900,67947,1917000.0,30000000.0
2013-09-09,64400,66200,64000,66200,102786,1986000.0,30000000.0
2013-09-10,66200,66500,65500,66500,120201,1995000.0,30000000.0
2013-09-11,66700,67100,65600,67100,95393,2013000.0,30000000.0
2013-09-12,67200,67500,66000,66100,121458,1983000.0,30000000.0
2013-09-13,65700,66600,65300,66100,82557,1983000.0,30000000.0
2013-09-16,66500,66800,65100,65100,39684,1953000.0,30000000.0
2013-09-17,65100,66700,64700,66500,48872,1995000.0,30000000.0
2013-09-23,66700,67200,65800,66900,76178,2007000.0,30000000.0
2013-09-24,66900,66900,65000,65600,101550,1968000.0,30000000.0
2013-09-25,65500,66200,64800,66200,85670,1986000.0,30000000.0
2013-09-26,65600,66200,65100,65600,57101,1968000.0,30000000.0
2013-09-27,65600,66300,65500,65900,40139,1977000.0,30000000.0
2013-09-30,66000,66100,64800,65000,51184,1950000.0,30000000.0
2013-10-01,64500,66100,64500,65900,54307,1977000.0,30000000.0
2013-10-02,66200,66600,65200,66000,49153,1980000.0,30000000.0
2013-10-04,65200,66000,63900,65900,78460,1977000.0,30000000.0
2013-10-07,65200,65800,64500,65800,80911,1974000.0,30000000.0
2013-10-08,65100,66600,64900,66000,71490,1980000.0,30000000.0
2013-10-10,66000,66000,64800,64800,58664,1944000.0,30000000.0
2013-10-11,65200,66800,64700,66800,158163,2004000.0,30000000.0
2013-10-14,67000,68900,66900,68700,223188,2061000.0,30000000.0
2013-10-15,68700,69000,67400,67800,135756,2034000.0,30000000.0
2013-10-16,67500,68200,67100,67500,66613,2025000.0,30000000.0
2013-10-17,67500,67700,64200,65000,354601,1950000.0,30000000.0
2013-10-18,65000,66200,64200,66200,161049,1986000.0,30000000.0
2013-10-21,65300,66400,65000,65900,102675,1977000.0,30000000.0
2013-10-22,66200,67200,65200,67000,158288,2010000.0,30000000.0
2013-10-23,66600,67800,65900,66300,99345,1989000.0,30000000.0
2013-10-24,66600,66800,66000,66100,47571,1983000.0,30000000.0
2013-10-25,66400,66900,65100,65900,79514,1977000.0,30000000.0
2013-10-28,65500,66200,65100,65200,77083,1956000.0,30000000.0
2013-10-29,65100,65700,64800,65100,88354,1953000.0,30000000.0
2013-10-30,65100,66400,65100,66300,89718,1989000.0,30000000.0
2013-10-31,66300,67100,65000,66500,144003,1995000.0,30000000.0
2013-11-01,66500,66600,65500,66500,38589,1995000.0,30000000.0
2013-11-04,66700,68500,66600,68400,181295,2052000.0,30000000.0
2013-11-05,67900,69000,67300,67300,85751,2019000.0,30000000.0
2013-11-06,67300,68800,67300,68500,106275,2055000.0,30000000.0
2013-11-07,68500,68500,67300,67700,68433,2031000.0,30000000.0
2013-11-08,67500,67800,66500,66700,72029,2001000.0,30000000.0
2013-11-11,66700,67200,65400,65500,45267,1965000.0,30000000.0
2013-11-12,65600,66400,63200,64600,183841,1938000.0,30000000.0
2013-11-13,64200,64700,62600,63000,81819,1890000.0,30000000.0
2013-11-14,63100,64300,62500,63600,61597,1908000.0,30000000.0
2013-11-15,64300,64600,63400,63700,46681,1911000.0,30000000.0
2013-11-18,64000,64500,63200,63900,33745,1917000.0,30000000.0
2013-11-19,63700,64600,63600,64000,39225,1920000.0,30000000.0
2013-11-20,64000,65200,63800,65000,52346,1950000.0,30000000.0
2013-11-21,64800,65200,63900,64700,50150,1941000.0,30000000.0
2013-11-22,65100,65600,64500,65200,36131,1956000.0,30000000.0
2013-11-25,65200,66100,64900,65000,37414,1950000.0,30000000.0
2013-11-26,64800,66500,64600,66500,63392,1995000.0,30000000.0
2013-11-27,66200,67200,66200,67100,46317,2013000.0,30000000.0
2013-11-28,67500,67800,66800,67800,60036,2034000.0,30000000.0
2013-11-29,67800,67800,66300,67000,68912,2010000.0,30000000.0
2013-12-02,67100,67300,66400,66400,30230,1992000.0,30000000.0
2013-12-03,66400,67100,66100,66600,51609,1998000.0,30000000.0
2013-12-04,66600,67100,66100,66300,29366,1989000.0,30000000.0
2013-12-05,66300,66700,65400,66400,50706,1992000.0,30000000.0
2013-12-06,66400,66400,65700,66000,25445,1980000.0,30000000.0
2013-12-09,66900,66900,66200,66400,21874,1992000.0,30000000.0
2013-12-10,66900,66900,66300,66700,27397,2001000.0,30000000.0
2013-12-11,66100,67200,66100,67200,60782,2016000.0,30000000.0
2013-12-12,67200,67200,66200,66700,50648,2001000.0,30000000.0
2013-12-13,66700,67100,66200,66700,55370,2001000.0,30000000.0
2013-12-16,66500,67700,66300,67200,65027,2016000.0,30000000.0
2013-12-17,67300,67700,66800,67700,75651,2031000.0,30000000.0
2013-12-18,67800,67800,67100,67200,70307,2016000.0,30000000.0
2013-12-19,67700,67800,66200,67300,71670,2019000.0,30000000.0
2013-12-20,66600,67200,66400,66600,43685,1998000.0,30000000.0
2013-12-23,66800,67000,65600,67000,73641,2010000.0,30000000.0
2013-12-24,67000,67600,66600,67200,57231,2016000.0,30000000.0
2013-12-26,67600,67600,65700,65800,73084,1974000.0,30000000.0
2013-12-27,65600,67100,65300,66800,37288,2004000.0,30000000.0
2013-12-30,67000,67000,65500,65700,119106,1971000.0,30000000.0
2014-01-02,66200,67100,65900,66900,114175,2007000.0,30000000.0
2014-01-03,66600,67500,66400,67100,74633,2013000.0,30000000.0
2014-01-06,67200,67700,66300,66300,66708,1989000.0,30000000.0
2014-01-07,66000,67200,66000,66600,75236,1998000.0,30000000.0
2014-01-08,67000,67600,65900,67500,75509,2025000.0,30000000.0
2014-01-09,67500,68200,67200,67500,76460,2025000.0,30000000.0
2014-01-10,67800,69400,67600,68500,135540,2055000.0,30000000.0
2014-01-13,68500,69800,68500,69400,96258,2082000.0,30000000.0
2014-01-14,69300,69300,68100,69200,64941,2076000.0,30000000.0
2014-01-15,69100,69600,68700,69500,48497,2085000.0,30000000.0
2014-01-16,69300,69800,68700,69100,62087,2073000.0,30000000.0
2014-01-17,68800,69100,67900,68900,49306,2067000.0,30000000.0
2014-01-20,68300,68800,68000,68300,42394,2049000.0,30000000.0
2014-01-21,68300,68600,67400,68500,67934,2055000.0,30000000.0
2014-01-22,68400,68400,67600,67900,53196,2037000.0,30000000.0
2014-01-23,67800,68500,67100,67500,50255,2025000.0,30000000.0
2014-01-24,67100,67600,66000,66800,88372,2004000.0,30000000.0
2014-01-27,65800,66000,64900,65800,76188,1974000.0,30000000.0
2014-01-28,65700,66200,65000,65100,60403,1953000.0,30000000.0
2014-01-29,65300,66900,65300,66700,90186,2001000.0,30000000.0
2014-02-03,66000,66000,63900,64200,86501,1926000.0,30000000.0
2014-02-04,63300,63700,61500,63500,218692,1905000.0,30000000.0
2014-02-05,63100,63500,61700,62000,116312,1860000.0,30000000.0
2014-02-06,62000,63800,62000,63800,121493,1914000.0,30000000.0
2014-02-07,64800,65100,63500,64200,96737,1926000.0,30000000.0
2014-02-10,64300,64600,62700,62800,116365,1884000.0,30000000.0
2014-02-11,62800,63100,62100,62400,81993,1872000.0,30000000.0
2014-02-12,62900,63300,62600,63300,47751,1899000.0,30000000.0
2014-02-13,63000,63300,62300,63200,62202,1896000.0,30000000.0
2014-02-14,62800,63100,62000,62800,107265,1884000.0,30000000.0
2014-02-17,63200,63700,62500,63600,50561,1908000.0,30000000.0
2014-02-18,63500,63700,62700,63300,42961,1899000.0,30000000.0
2014-02-19,63200,63200,62300,62600,54001,1878000.0,30000000.0
2014-02-20,62300,63000,62200,62200,28888,1866000.0,30000000.0
2014-02-21,62300,63500,62300,63400,40495,1902000.0,30000000.0
2014-02-24,63100,63400,62700,62800,21769,1884000.0,30000000.0
2014-02-25,63100,63700,62600,63500,43715,1905000.0,30000000.0
2014-02-26,63500,63600,62800,63500,38814,1905000.0,30000000.0
2014-02-27,63100,63400,62800,62900,41091,1887000.0,30000000.0
2014-02-28,62800,63500,62300,63300,71461,1899000.0,30000000.0
2014-03-03,62800,63300,62300,62700,37191,1881000.0,30000000.0
2014-03-04,62700,63100,62600,62700,39709,1881000.0,30000000.0
2014-03-05,63300,64200,63200,63900,45200,1917000.0,30000000.0
2014-03-06,64200,65400,64000,65200,75644,1956000.0,30000000.0
2014-03-07,64800,65300,64600,65200,63531,1956000.0,30000000.0
2014-03-10,65300,65500,64700,65400,58415,1962000.0,30000000.0
2014-03-11,65000,65800,64200,65800,61656,1974000.0,30000000.0
2014-03-12,65200,66100,65000,65300,62493,1959000.0,30000000.0
2014-03-13,65200,68000,64900,67400,229971,2022000.0,30000000.0
2014-03-14,66800,66900,65800,65900,80951,1977000.0,30000000.0
2014-03-17,66000,67000,66000,66900,76949,2007000.0,30000000.0
2014-03-18,67200,67600,66200,67200,37913,2016000.0,30000000.0
2014-03-19,66900,67400,66300,66800,67427,2004000.0,30000000.0
2014-03-20,66800,67000,65900,66700,42844,2001000.0,30000000.0
2014-03-21,66900,67000,65700,67000,85844,2010000.0,30000000.0
2014-03-24,67000,67400,66500,67100,31056,2013000.0,30000000.0
2014-03-25,67400,67400,66400,67200,40398,2016000.0,30000000.0
2014-03-26,67300,67500,66000,67400,100018,2022000.0,30000000.0
2014-03-27,66800,67200,66000,66900,79408,2007000.0,30000000.0
2014-03-28,66900,67400,66200,67100,35716,2013000.0,30000000.0
2014-03-31,67100,67300,66400,67200,34126,2016000.0,30000000.0
2014-04-01,66700,67600,66500,67600,40886,2028000.0,30000000.0
2014-04-02,67600,68000,67200,67600,47601,2028000.0,30000000.0
2014-04-03,67300,67600,66400,67500,55086,2025000.0,30000000.0
2014-04-04,67400,67700,67100,67100,31357,2013000.0,30000000.0
2014-04-07,66800,68400,66800,68400,55667,2052000.0,30000000.0
2014-04-08,68000,68300,67400,67400,35150,2022000.0,30000000.0
2014-04-09,67500,68500,67400,68400,64263,2052000.0,30000000.0
2014-04-10,68800,68800,67200,68300,75743,2049000.0,30000000.0
2014-04-11,67600,68400,67400,68300,50274,2049000.0,30000000.0
2014-04-14,68300,68700,67700,67900,36225,2037000.0,30000000.0
2014-04-15,67900,68300,67400,67900,47985,2037000.0,30000000.0
2014-04-16,68200,68500,67500,68100,30551,2043000.0,30000000.0
2014-04-17,68400,68500,67700,67700,24925,2031000.0,30000000.0
2014-04-18,68100,68500,68000,68400,28413,2052000.0,30000000.0
2014-04-21,68300,68700,68100,68400,25220,2052000.0,30000000.0
2014-04-22,68200,68700,67700,68700,31591,2061000.0,30000000.0
2014-04-23,68500,68800,67600,67600,40705,2028000.0,30000000.0
2014-04-24,67300,67500,66400,67500,56650,2025000.0,30000000.0
2014-04-25,67000,67400,65400,65400,56115,1962000.0,30000000.0
2014-04-28,65400,65900,65200,65200,33711,1956000.0,30000000.0
2014-04-29,65500,66500,65200,66500,19520,1995000.0,30000000.0
2014-04-30,66500,67200,66000,66000,28960,1980000.0,30000000.0
2014-05-02,66000,66700,64400,65600,84578,1968000.0,30000000.0
2014-05-07,65700,65700,64100,64100,59111,1923000.0,30000000.0
2014-05-08,64100,64400,62900,63400,83281,1902000.0,30000000.0
2014-05-09,63400,63800,63200,63300,41227,1899000.0,30000000.0
2014-05-12,63300,63800,62800,62800,25209,1884000.0,30000000.0
2014-05-13,63100,64800,62900,64600,44667,1938000.0,30000000.0
2014-05-14,65300,65900,64800,65400,70281,1962000.0,30000000.0
2014-05-15,65500,65800,64700,64800,51255,1944000.0,30000000.0
2014-05-16,65000,65500,63900,65400,72948,1962000.0,30000000.0
2014-05-19,65600,65600,64700,65400,44416,1962000.0,30000000.0
2014-05-20,65400,65500,64100,65300,65104,1959000.0,30000000.0
2014-05-21,65200,65800,64800,65300,29432,1959000.0,30000000.0
2014-05-22,65700,65800,65000,65800,39681,1974000.0,30000000.0
2014-05-23,65900,65900,64800,64800,39237,1944000.0,30000000.0
2014-05-26,65100,65200,64100,64100,38343,1923000.0,30000000.0
2014-05-27,64600,64900,63600,64800,43941,1944000.0,30000000.0
2014-05-28,64000,65000,64000,64400,38838,1932000.0,30000000.0
2014-05-29,64100,64500,63900,64300,22837,1929000.0,30000000.0
2014-05-30,64300,64700,63900,64500,40901,1935000.0,30000000.0
2014-06-02,64500,64600,63700,63900,23333,1917000.0,30000000.0
2014-06-03,63600,64300,63200,64200,47084,1926000.0,30000000.0
2014-06-05,63500,63900,62500,62600,67638,1878000.0,30000000.0
2014-06-09,62700,64300,62700,63600,45960,1908000.0,30000000.0
2014-06-10,64300,65100,63700,65100,37787,1953000.0,30000000.0
2014-06-11,65300,65300,64000,64700,52230,1941000.0,30000000.0
2014-06-12,64300,65600,64300,65600,88606,1968000.0,30000000.0
2014-06-13,64700,66200,64300,65700,78291,1971000.0,30000000.0
2014-06-16,65000,66100,64400,65700,64969,1971000.0,30000000.0
2014-06-17,65800,66900,65800,66600,52892,1998000.0,30000000.0
2014-06-18,67000,67000,66200,66500,41091,1995000.0,30000000.0
2014-06-19,67000,68000,67000,67600,105072,2028000.0,30000000.0
2014-06-20,67300,67800,66900,67400,34221,2022000.0,30000000.0
2014-06-23,67000,67800,66900,67700,30605,2031000.0,30000000.0
2014-06-24,67100,67900,66400,67800,56726,2034000.0,30000000.0
2014-06-25,67600,67700,66200,66200,43215,1986000.0,30000000.0
2014-06-26,66500,66600,65600,66100,42136,1983000.0,30000000.0
2014-06-27,66100,67400,65400,66200,34117,1986000.0,30000000.0
2014-06-30,66500,66600,65700,65900,26319,1977000.0,30000000.0
2014-07-01,65800,65900,65200,65700,30044,1971000.0,30000000.0
2014-07-02,65700,67400,65600,67300,57020,2019000.0,30000000.0
2014-07-03,66400,66400,65300,65500,67004,1965000.0,30000000.0
2014-07-04,65600,66000,65000,65400,24628,1962000.0,30000000.0
2014-07-07,65600,65700,65000,65100,21784,1953000.0,30000000.0
2014-07-08,65100,66400,64900,66400,34315,1992000.0,30000000.0
2014-07-09,65800,66200,65500,65800,29017,1974000.0,30000000.0
2014-07-10,66300,66900,65000,66800,60631,2004000.0,30000000.0
2014-07-11,66100,66800,65200,65300,45052,1959000.0,30000000.0
2014-07-14,65300,65400,64800,65200,35767,1956000.0,30000000.0
2014-07-15,65200,65500,64600,65300,78585,1959000.0,30000000.0
2014-07-16,65000,66200,64800,65300,55320,1959000.0,30000000.0
2014-07-17,65100,65600,64900,65500,20754,1965000.0,30000000.0
2014-07-18,65400,65600,64900,65600,28216,1968000.0,30000000.0
2014-07-21,65400,65500,65000,65200,33955,1956000.0,30000000.0
2014-07-22,65100,65700,65000,65700,22326,1971000.0,30000000.0
2014-07-23,65600,65600,64700,65100,50128,1953000.0,30000000.0
2014-07-24,65000,65200,64100,64300,48893,1929000.0,30000000.0
2014-07-25,64300,64600,63300,63500,81615,1905000.0,30000000.0
2014-07-28,63700,64200,63200,63400,48794,1902000.0,30000000.0
2014-07-29,64000,64200,63400,63700,70688,1911000.0,30000000.0
2014-07-30,63400,65100,63200,64900,109088,1947000.0,30000000.0
2014-07-31,64900,65100,63400,63500,97034,1905000.0,30000000.0
2014-08-01,63400,64200,63300,64200,44662,1926000.0,30000000.0
2014-08-04,64000,64200,63500,63900,38596,1917000.0,30000000.0
2014-08-05,63600,63800,63100,63200,45587,1896000.0,30000000.0
2014-08-06,62800,63300,62200,63200,69872,1896000.0,30000000.0
2014-08-07,62700,63400,62700,62800,21109,1884000.0,30000000.0
2014-08-08,63000,63000,61900,62400,46992,1872000.0,30000000.0
2014-08-11,62000,62400,61500,61600,52800,1848000.0,30000000.0
2014-08-12,61600,62300,61600,62000,26743,1860000.0,30000000.0
2014-08-13,61700,62200,60000,61100,127709,1833000.0,30000000.0
2014-08-14,60600,61200,60100,60500,87711,1815000.0,30000000.0
2014-08-18,60600,61400,60000,61300,64962,1839000.0,30000000.0
2014-08-19,60900,61500,60400,61000,65646,1830000.0,30000000.0
2014-08-20,60900,61000,59600,60700,80204,1821000.0,30000000.0
2014-08-21,60600,60600,58500,58700,108261,1761000.0,30000000.0
2014-08-22,59100,62200,58700,61900,186717,1857000.0,30000000.0
2014-08-25,61500,62300,61100,62200,45008,1866000.0,30000000.0
2014-08-26,62200,62900,61600,62700,58558,1881000.0,30000000.0
2014-08-27,62300,63600,62100,63600,73830,1908000.0,30000000.0
2014-08-28,63000,63400,62600,63000,37729,1890000.0,30000000.0
2014-08-29,62200,62800,61300,62600,84372,1878000.0,30000000.0
2014-09-01,62100,63300,62000,62900,49640,1887000.0,30000000.0
2014-09-02,62800,63400,62600,63000,60940,1890000.0,30000000.0
2014-09-03,62300,63000,61700,62300,57213,1869000.0,30000000.0
2014-09-04,62700,63200,60700,62500,118053,1875000.0,30000000.0
2014-09-05,61800,62800,61100,62300,85121,1869000.0,30000000.0
2014-09-11,61800,62600,61400,61400,61921,1842000.0,30000000.0
2014-09-12,61500,61800,60500,61700,87214,1851000.0,30000000.0
2014-09-15,61200,61200,60100,60100,62008,1803000.0,30000000.0
2014-09-16,60100,61100,60100,60800,24644,1824000.0,30000000.0
2014-09-17,60900,61400,60800,61400,26506,1842000.0,30000000.0
2014-09-18,60900,61700,60900,61600,31891,1848000.0,30000000.0
2014-09-19,61700,61900,61200,61600,37718,1848000.0,30000000.0
2014-09-22,61200,61500,60400,60700,28270,1821000.0,30000000.0
2014-09-23,60700,61000,60200,60400,30938,1812000.0,30000000.0
2014-09-24,60100,61000,60100,60500,21174,1815000.0,30000000.0
2014-09-25,60900,61000,60000,60900,53035,1827000.0,30000000.0
2014-09-26,60200,60600,60000,60100,40024,1803000.0,30000000.0
2014-09-29,60000,60200,58200,60100,93118,1803000.0,30000000.0
2014-09-30,59600,59600,58400,58700,71612,1761000.0,30000000.0
2014-10-01,58000,58800,57000,58600,89267,1758000.0,30000000.0
2014-10-02,57600,59900,57600,59600,74837,1788000.0,30000000.0
2014-10-06,59100,60600,59000,60300,48537,1809000.0,30000000.0
2014-10-07,60400,60400,59000,60100,53532,1803000.0,30000000.0
2014-10-08,59300,60300,59300,59300,42063,1779000.0,30000000.0
2014-10-10,59700,59700,58300,59000,48189,1770000.0,30000000.0
2014-10-13,58300,59300,57400,59000,60799,1770000.0,30000000.0
2014-10-14,59700,59800,58000,58000,54295,1740000.0,30000000.0
2014-10-15,57800,59200,57800,58800,46106,1764000.0,30000000.0
2014-10-16,58000,59500,58000,58700,37107,1761000.0,30000000.0
2014-10-17,58400,61200,58400,60800,71700,1824000.0,30000000.0
2014-10-20,60800,60900,59900,60400,92012,1812000.0,30000000.0
2014-10-21,60400,61600,60000,61200,59525,1836000.0,30000000.0
2014-10-22,61800,61900,61300,61600,64304,1848000.0,30000000.0
2014-10-23,61600,62300,61100,61800,36843,1854000.0,30000000.0
2014-10-24,61500,62300,61200,62200,25073,1866000.0,30000000.0
2014-10-27,62300,62400,61300,61800,15154,1854000.0,30000000.0
2014-10-28,62300,62600,61200,62400,35346,1872000.0,30000000.0
2014-10-29,62400,63900,62100,62800,87285,1884000.0,30000000.0
2014-10-30,63000,63300,62300,63000,24189,1890000.0,30000000.0
2014-10-31,63100,63200,62100,63100,68922,1893000.0,30000000.0
2014-11-03,62500,64000,62500,63800,58668,1914000.0,30000000.0
2014-11-04,63900,64400,63500,64400,84300,1932000.0,30000000.0
2014-11-05,64700,64900,64500,64800,74790,1944000.0,30000000.0
2014-11-06,64800,65500,64200,65100,57355,1953000.0,30000000.0
2014-11-07,65300,65700,65100,65500,53121,1965000.0,30000000.0
2014-11-10,65500,65800,64900,65100,41584,1953000.0,30000000.0
2014-11-11,64900,65700,64600,64800,31939,1944000.0,30000000.0
2014-11-12,64400,65200,63300,63900,52239,1917000.0,30000000.0
2014-11-13,64000,64100,63000,63500,45846,1905000.0,30000000.0
2014-11-14,63500,64200,63100,63900,39885,1917000.0,30000000.0
2014-11-17,63500,64500,63300,64300,30692,1929000.0,30000000.0
2014-11-18,63800,64500,62900,64400,43178,1932000.0,30000000.0
2014-11-19,63800,64500,63400,64100,19685,1923000.0,30000000.0
2014-11-20,63800,64300,63400,63500,14651,1905000.0,30000000.0
2014-11-21,63500,64300,63500,64000,22343,1920000.0,30000000.0
2014-11-24,63900,65200,63900,65100,30672,1953000.0,30000000.0
2014-11-25,65200,65700,64900,65700,51995,1971000.0,30000000.0
2014-11-26,65700,65700,63800,65200,50046,1956000.0,30000000.0
2014-11-27,64600,65200,63700,63700,20810,1911000.0,30000000.0
2014-11-28,63500,64500,63100,64400,30686,1932000.0,30000000.0
2014-12-01,63600,64400,61900,62000,45022,1860000.0,30000000.0
2014-12-02,61600,63200,61600,63100,27099,1893000.0,30000000.0
2014-12-03,62400,63100,62000,62100,24069,1863000.0,30000000.0
2014-12-04,62000,63900,61900,63000,49889,1890000.0,30000000.0
2014-12-05,62700,63200,62600,63000,16855,1890000.0,30000000.0
2014-12-08,62500,63200,62200,62200,28201,1866000.0,30000000.0
2014-12-09,62000,62500,61000,61100,38832,1833000.0,30000000.0
2014-12-10,60500,61100,59600,60500,40639,1815000.0,30000000.0
2014-12-11,59500,60200,57700,57800,126124,1734000.0,30000000.0
2014-12-12,57900,59000,57900,58700,62556,1761000.0,30000000.0
2014-12-15,58100,59100,57800,58800,22715,1764000.0,30000000.0
2014-12-16,58800,59500,58300,58600,26785,1758000.0,30000000.0
2014-12-17,59200,59200,58600,58600,28010,1758000.0,30000000.0
2014-12-18,59400,60200,58500,60100,40839,1803000.0,30000000.0
2014-12-19,60400,60800,59300,60200,28697,1806000.0,30000000.0
2014-12-22,60200,60300,59700,59900,9609,1797000.0,30000000.0
2014-12-23,60000,60400,59500,60000,27065,1800000.0,30000000.0
2014-12-24,60000,60900,59900,60900,29539,1827000.0,30000000.0
2014-12-26,60400,61400,60400,61200,25569,1836000.0,30000000.0
2014-12-29,60700,60900,59600,60700,20571,1821000.0,30000000.0
2014-12-30,60000,60500,59300,59800,44238,1794000.0,30000000.0
2015-01-02,59000,59600,58200,59100,50078,1773000.0,30000000.0
2015-01-05,58500,59500,58000,59100,29142,1773000.0,30000000.0
2015-01-06,59100,59800,58200,59100,113154,1773000.0,30000000.0
2015-01-07,59300,59300,57500,58000,134857,1740000.0,30000000.0
2015-01-08,58000,60100,58000,60100,42370,1803000.0,30000000.0
2015-01-09,60100,60200,59200,59300,18540,1779000.0,30000000.0
2015-01-12,58700,59900,58600,59800,13981,1794000.0,30000000.0
2015-01-13,60300,60300,59600,59700,18059,1791000.0,30000000.0
2015-01-14,59200,60200,59200,59600,15283,1788000.0,30000000.0
2015-01-15,59500,60700,59000,60400,31240,1812000.0,30000000.0
2015-01-16,60700,60700,59600,60200,23783,1806000.0,30000000.0
2015-01-19,60400,61000,60300,60400,24230,1812000.0,30000000.0
2015-01-20,60400,61000,59400,60700,44947,1821000.0,30000000.0
2015-01-21,60100,60900,60100,60600,12961,1818000.0,30000000.0
2015-01-22,60600,61300,60300,60400,29816,1812000.0,30000000.0
2015-01-23,60700,61300,60400,60700,30468,1821000.0,30000000.0
2015-01-26,60700,61000,60100,61000,10656,1830000.0,30000000.0
2015-01-27,61300,61300,60200,60500,23699,1815000.0,30000000.0
2015-01-28,60000,60700,60000,60400,25434,1812000.0,30000000.0
2015-01-29,60100,61000,59600,59800,42452,1794000.0,30000000.0
2015-01-30,60100,60900,59600,60600,50249,1818000.0,30000000.0
2015-02-02,60100,60800,60100,60600,22641,1818000.0,30000000.0
2015-02-03,60300,60700,59800,60400,37297,1812000.0,30000000.0
2015-02-04,60700,61500,60400,61200,40966,1836000.0,30000000.0
2015-02-05,60800,62000,60800,62000,45126,1860000.0,30000000.0
2015-02-06,61600,62000,61200,61800,27168,1854000.0,30000000.0
2015-02-09,61500,62300,61300,61500,35571,1845000.0,30000000.0
2015-02-10,62300,62300,60500,61300,33951,1839000.0,30000000.0
2015-02-11,61000,61500,60100,61300,65316,1839000.0,30000000.0
2015-02-12,60600,61300,60400,61000,25560,1830000.0,30000000.0
2015-02-13,60800,61500,60400,61100,33544,1833000.0,30000000.0
2015-02-16,60700,61400,60200,60400,22712,1812000.0,30000000.0
2015-02-17,60400,61200,60300,61100,13930,1833000.0,30000000.0
2015-02-23,61100,61600,60800,61500,23247,1845000.0,30000000.0
2015-02-24,61200,61900,61200,61800,20977,1854000.0,30000000.0
2015-02-25,61900,62300,61400,62000,38192,1860000.0,30000000.0
2015-02-26,62000,62400,61200,62200,46059,1866000.0,30000000.0
2015-02-27,61700,62500,61700,61800,23593,1854000.0,30000000.0
2015-03-02,61600,61900,60600,60700,63402,1821000.0,30000000.0
2015-03-03,60700,60900,60200,60700,64438,1821000.0,30000000.0
2015-03-04,60400,60900,60400,60400,19980,1812000.0,30000000.0
2015-03-05,60200,61600,60200,61100,45282,1833000.0,30000000.0
2015-03-06,60900,61600,60400,61200,44900,1836000.0,30000000.0
2015-03-09,60600,61100,60000,60300,32774,1809000.0,30000000.0
2015-03-10,60300,61400,60300,60900,124093,1827000.0,30000000.0
2015-03-11,60900,61100,60200,61000,51407,1830000.0,30000000.0
2015-03-12,60600,61000,60100,60100,57426,1803000.0,30000000.0
2015-03-13,60500,60600,59100,60100,61408,1803000.0,30000000.0
2015-03-16,60000,60000,58900,59200,45180,1776000.0,30000000.0
2015-03-17,59300,60500,59000,60400,69264,1812000.0,30000000.0
2015-03-18,60600,60600,59600,59600,31204,1788000.0,30000000.0
2015-03-19,59500,59800,58700,59700,109815,1791000.0,30000000.0
2015-03-20,59600,59600,58900,59100,51001,1773000.0,30000000.0
2015-03-23,59200,59800,58600,59600,38914,1788000.0,30000000.0
2015-03-24,60300,62400,60100,62400,149799,1872000.0,30000000.0
2015-03-25,62600,62800,61800,62300,41890,1869000.0,30000000.0
2015-03-26,62200,63600,61800,63000,68067,1890000.0,30000000.0
2015-03-27,63000,63400,62200,62600,49090,1878000.0,30000000.0
2015-03-30,62600,63300,62200,62900,47372,1887000.0,30000000.0
2015-03-31,62900,63900,62900,63800,51634,1914000.0,30000000.0
2015-04-01,63400,63800,63100,63500,39781,1905000.0,30000000.0
2015-04-02,63000,63400,61600,62100,94284,1863000.0,30000000.0
2015-04-03,61800,62300,60700,61500,86537,1845000.0,30000000.0
2015-04-06,61200,61900,60500,60700,79901,1821000.0,30000000.0
2015-04-07,60700,61600,60600,61100,54304,1833000.0,30000000.0
2015-04-08,60800,61800,60700,61600,46285,1848000.0,30000000.0
2015-04-09,61600,61600,60700,61500,46147,1845000.0,30000000.0
2015-04-10,61100,61700,60800,61600,44375,1848000.0,30000000.0
2015-04-13,60700,60800,59900,60000,91304,1800000.0,30000000.0
2015-04-14,60000,60600,59800,60500,82020,1815000.0,30000000.0
2015-04-15,60200,60700,59700,60500,70656,1815000.0,30000000.0
2015-04-16,60400,60800,59900,60100,62013,1803000.0,30000000.0
2015-04-17,60000,60200,59500,59700,74060,1791000.0,30000000.0
2015-04-20,59300,60000,59200,59500,49280,1785000.0,30000000.0
2015-04-21,59600,60200,59000,59000,89507,1770000.0,30000000.0
2015-04-22,59000,59600,58900,59500,63477,1785000.0,30000000.0
2015-04-23,59500,60100,59100,60000,78469,1800000.0,30000000.0
2015-04-24,60000,60200,59500,59900,85906,1797000.0,30000000.0
2015-04-27,60000,60400,59700,59900,51218,1797000.0,30000000.0
2015-04-28,59900,60400,59400,60100,76523,1803000.0,30000000.0
2015-04-29,60200,60700,59400,59800,65935,1794000.0,30000000.0
2015-04-30,59500,59900,58800,59200,59072,1776000.0,30000000.0
2015-05-04,58700,58700,56800,56900,114537,1707000.0,30000000.0
2015-05-06,57000,57700,55100,55200,109783,1656000.0,30000000.0
2015-05-07,55200,55500,54000,54200,89835,1626000.0,30000000.0
2015-05-08,54200,55400,54200,55000,40106,1650000.0,30000000.0
2015-05-11,55500,56200,53900,54500,113028,1635000.0,30000000.0
2015-05-12,55700,56200,55000,55400,104065,1662000.0,30000000.0
2015-05-13,55600,55800,55000,55300,65787,1659000.0,30000000.0
2015-05-14,55200,55500,54800,55400,59414,1662000.0,30000000.0
2015-05-15,55400,55400,54400,54600,77892,1638000.0,30000000.0
2015-05-18,54700,54700,53900,54000,69665,1620000.0,30000000.0
2015-05-19,54000,54800,53900,54000,52682,1620000.0,30000000.0
2015-05-20,54100,55200,54000,54900,62577,1647000.0,30000000.0
2015-05-21,54900,55000,53700,53700,66777,1611000.0,30000000.0
2015-05-22,53700,54400,53700,54300,51832,1629000.0,30000000.0
2015-05-26,54300,54400,53700,53700,57242,1611000.0,30000000.0
2015-05-27,53400,54200,53100,53300,85571,1599000.0,30000000.0
2015-05-28,53200,53500,52000,52200,104675,1566000.0,30000000.0
2015-05-29,52000,53600,52000,53000,108055,1590000.0,30000000.0
2015-06-01,52600,53600,52400,53200,61076,1596000.0,30000000.0
2015-06-02,53200,53400,52300,52300,44682,1569000.0,30000000.0
2015-06-03,52400,52700,51600,51600,58799,1548000.0,30000000.0
2015-06-04,51400,51900,50200,50200,85433,1506000.0,30000000.0
2015-06-05,50000,50700,49950,50300,80205,1509000.0,30000000.0
2015-06-08,50300,50300,49500,49550,117862,1486500.0,30000000.0
2015-06-09,49600,50200,49350,49450,53399,1483500.0,30000000.0
2015-06-10,49400,49700,48700,48800,60534,1464000.0,30000000.0
2015-06-11,49300,49400,48300,49000,89735,1470000.0,30000000.0
2015-06-12,49000,49500,47900,48100,103660,1443000.0,30000000.0
2015-06-15,47700,48650,47700,48000,44555,1440000.0,30000000.0
2015-06-16,48000,48700,47750,47800,84396,1434000.0,30000000.0
2015-06-17,48000,48500,47700,47700,60030,1431000.0,30000000.0
2015-06-18,47950,48100,46850,48050,85498,1441500.0,30000000.0
2015-06-19,48100,48150,46900,46900,104088,1407000.0,30000000.0
2015-06-22,47100,47350,46450,46600,85326,1398000.0,30000000.0
2015-06-23,46800,47350,46500,46500,91864,1395000.0,30000000.0
2015-06-24,46550,47450,46500,47400,117181,1422000.0,30000000.0
2015-06-25,47400,47400,46750,47000,66599,1410000.0,30000000.0
2015-06-26,46750,46950,46000,46300,55473,1389000.0,30000000.0
2015-06-29,45300,45600,44550,44550,92258,1336500.0,30000000.0
2015-06-30,44350,45800,44300,45700,70009,1371000.0,30000000.0
2015-07-01,46000,46500,45400,46250,50352,1387500.0,30000000.0
2015-07-02,45900,46700,45550,45600,73115,1368000.0,30000000.0
2015-07-03,46000,46000,45300,45500,68931,1365000.0,30000000.0
2015-07-06,45500,45600,44950,45050,71710,1351500.0,30000000.0
2015-07-07,45050,46900,44950,46500,142793,1395000.0,30000000.0
2015-07-08,46900,49500,46750,48800,322279,1464000.0,30000000.0
2015-07-09,49100,50900,48300,49700,395921,1491000.0,30000000.0
2015-07-10,50400,51400,49700,51000,218682,1530000.0,30000000.0
2015-07-13,51600,51700,50400,51000,139548,1530000.0,30000000.0
2015-07-14,51000,51600,50400,50400,96520,1512000.0,30000000.0
2015-07-15,51000,51100,50100,50500,54497,1515000.0,30000000.0
2015-07-16,50500,50900,49100,50500,89188,1515000.0,30000000.0
2015-07-17,50500,51600,50200,51300,101555,1539000.0,30000000.0
2015-07-20,51300,51500,50300,50400,67308,1512000.0,30000000.0
2015-07-21,51400,55200,50800,54800,295311,1644000.0,30000000.0
2015-07-22,54200,54300,52400,52900,142129,1587000.0,30000000.0
2015-07-23,52900,54700,52100,54400,112039,1632000.0,30000000.0
2015-07-24,54000,54900,52500,52800,139244,1584000.0,30000000.0
2015-07-27,53200,53200,51600,51800,93376,1554000.0,30000000.0
2015-07-28,51000,51600,49900,50000,148482,1500000.0,30000000.0
2015-07-29,50300,52100,49900,51800,98563,1554000.0,30000000.0
2015-07-30,52200,52600,51100,51700,75676,1551000.0,30000000.0
2015-07-31,51700,52200,50900,52200,88738,1566000.0,30000000.0
2015-08-03,51900,52400,50800,51700,55641,1551000.0,30000000.0
2015-08-04,52300,54000,51000,53700,90052,1611000.0,30000000.0
2015-08-05,53100,53900,52700,53700,64730,1611000.0,30000000.0
2015-08-06,54200,55100,54000,54400,150270,1632000.0,30000000.0
2015-08-07,54100,55000,53500,54300,60937,1629000.0,30000000.0
2015-08-10,54300,54800,51900,53700,61858,1611000.0,30000000.0
2015-08-11,53700,53700,50600,50600,106411,1518000.0,30000000.0
2015-08-12,49500,51200,49200,51200,72067,1536000.0,30000000.0
2015-08-13,51400,51400,50100,50100,55517,1503000.0,30000000.0
2015-08-17,49900,50800,49400,49900,59504,1497000.0,30000000.0
2015-08-18,49450,49600,46600,46650,171054,1399500.0,30000000.0
2015-08-19,46700,46900,44500,46000,172635,1380000.0,30000000.0
2015-08-20,44600,45600,43900,44400,129756,1332000.0,30000000.0
2015-08-21,43450,43800,41850,43450,158010,1303500.0,30000000.0
2015-08-24,43000,43750,41900,42150,98536,1264500.0,30000000.0
2015-08-25,42700,42700,40700,41200,148451,1236000.0,30000000.0
2015-08-26,41400,44500,40800,44050,141282,1321500.0,30000000.0
2015-08-27,44050,44550,43100,43300,78908,1299000.0,30000000.0
2015-08-28,43500,44000,43200,43650,82130,1309500.0,30000000.0
2015-08-31,43400,44300,43150,43200,81605,1296000.0,30000000.0
2015-09-01,43050,43500,42500,42800,82597,1284000.0,30000000.0
2015-09-02,42000,42300,41650,41700,96870,1251000.0,30000000.0
2015-09-03,42000,42550,41100,41200,126012,1236000.0,30000000.0
2015-09-04,41200,42400,41150,41750,99035,1252500.0,30000000.0
2015-09-07,41700,42150,41100,41150,55106,1234500.0,30000000.0
2015-09-08,41250,41750,41000,41400,50775,1242000.0,30000000.0
2015-09-09,41750,42100,41600,42000,98798,1260000.0,30000000.0
2015-09-10,41800,43050,41700,43050,113359,1291500.0,30000000.0
2015-09-11,42600,44900,42600,44650,154888,1339500.0,30000000.0
2015-09-14,44650,44800,42700,43500,122166,1305000.0,30000000.0
2015-09-15,43550,43750,43250,43350,49661,1300500.0,30000000.0
2015-09-16,43700,45400,43350,45150,142263,1354500.0,30000000.0
2015-09-17,45600,46650,44800,45600,115254,1368000.0,30000000.0
2015-09-18,46200,46200,45250,45500,87344,1365000.0,30000000.0
2015-09-21,45050,45050,44150,44450,60101,1333500.0,30000000.0
2015-09-22,44700,45100,44300,44950,80154,1348500.0,30000000.0
2015-09-23,44300,45500,43800,45500,152406,1365000.0,30000000.0
2015-09-24,45900,45900,44700,45000,97908,1350000.0,30000000.0
2015-09-25,45000,45300,44600,44950,66644,1348500.0,30000000.0
2015-09-30,44000,45700,43950,45500,99784,1365000.0,30000000.0
2015-10-01,45550,46800,45100,46400,81382,1392000.0,30000000.0
2015-10-02,45100,45350,44050,44050,151368,1321500.0,30000000.0
2015-10-05,44100,44500,43400,43700,101950,1311000.0,30000000.0
2015-10-06,43950,44300,42700,42950,158944,1288500.0,30000000.0
2015-10-07,42900,44600,42300,44450,119045,1333500.0,30000000.0
2015-10-08,45200,46300,44950,46100,239563,1383000.0,30000000.0
2015-10-12,46300,48250,46300,47450,276498,1423500.0,30000000.0
2015-10-13,47500,47550,46500,46700,125836,1401000.0,30000000.0
2015-10-14,46500,47250,45500,45850,152497,1375500.0,30000000.0
2015-10-15,45950,47800,45950,47500,161679,1425000.0,30000000.0
2015-10-16,48400,48400,46350,46750,102708,1402500.0,30000000.0
2015-10-19,46750,47400,46000,46400,99807,1392000.0,30000000.0
2015-10-20,46250,46950,45700,45750,91998,1372500.0,30000000.0
2015-10-21,46150,48950,45950,48300,344456,1449000.0,30000000.0
2015-10-22,48250,50600,47600,49250,209542,1477500.0,30000000.0
2015-10-23,50000,51100,49550,50700,197709,1521000.0,30000000.0
2015-10-26,51000,51600,49600,50800,111850,1524000.0,30000000.0
2015-10-27,51200,51800,50400,51500,92922,1545000.0,30000000.0
2015-10-28,51800,51800,50400,51100,86579,1533000.0,30000000.0
2015-10-29,50900,51100,49600,49600,113767,1488000.0,30000000.0
2015-10-30,49300,50600,49200,49700,87921,1491000.0,30000000.0
2015-11-02,49300,50600,48700,49700,85944,1491000.0,30000000.0
2015-11-03,49450,51500,49450,51500,138269,1545000.0,30000000.0
2015-11-04,51500,51700,50600,51200,130099,1536000.0,30000000.0
2015-11-05,51100,51200,50000,50400,82679,1512000.0,30000000.0
2015-11-06,50000,50400,48850,49250,84967,1477500.0,30000000.0
2015-11-09,49250,49300,48050,48300,83044,1449000.0,30000000.0
2015-11-10,47900,49950,47350,47750,150905,1432500.0,30000000.0
2015-11-11,48000,48400,47500,47600,59382,1428000.0,30000000.0
2015-11-12,47600,48400,47050,48400,77149,1452000.0,30000000.0
2015-11-13,47550,48000,44600,44900,280421,1347000.0,30000000.0
2015-11-16,42900,43500,41800,42050,310843,1261500.0,30000000.0
2015-11-17,42600,43450,42100,42500,192157,1275000.0,30000000.0
2015-11-18,42900,42900,42100,42550,129084,1276500.0,30000000.0
2015-11-19,43000,45850,42900,45600,232778,1368000.0,30000000.0
2015-11-20,46000,46450,45550,46000,91654,1380000.0,30000000.0
2015-11-23,45850,45900,44550,45200,148342,1356000.0,30000000.0
2015-11-24,44950,48450,44950,47850,221666,1435500.0,30000000.0
2015-11-25,47900,48100,46250,46300,207422,1389000.0,30000000.0
2015-11-26,46300,47050,45750,46800,170876,1404000.0,30000000.0
2015-11-27,46800,47050,45550,45550,156104,1366500.0,30000000.0
2015-11-30,45550,47850,45050,45550,1559822,1366500.0,30000000.0
2015-12-01,46050,49600,46050,49350,457108,1480500.0,30000000.0
2015-12-02,49100,49900,48350,48750,188733,1462500.0,30000000.0
2015-12-03,48300,48500,47000,47850,191343,1435500.0,30000000.0
2015-12-04,47100,48100,46900,47650,117428,1429500.0,30000000.0
2015-12-07,48100,48700,47650,48000,133956,1440000.0,30000000.0
2015-12-08,47950,48250,46650,47250,107899,1417500.0,30000000.0
2015-12-09,47100,47750,46050,46400,109089,1392000.0,30000000.0
2015-12-10,46400,47250,45650,46400,109766,1392000.0,30000000.0
2015-12-11,46450,47900,46100,46550,166351,1396500.0,30000000.0
2015-12-14,46550,46550,44700,45150,161687,1354500.0,30000000.0
2015-12-15,45600,45650,44650,44750,123456,1342500.0,30000000.0
2015-12-16,45250,46700,45250,45900,120511,1377000.0,30000000.0
2015-12-17,46200,47800,46100,47300,165364,1419000.0,30000000.0
2015-12-18,46800,48200,46800,47400,112470,1422000.0,30000000.0
2015-12-21,47450,48400,47050,47900,116696,1437000.0,30000000.0
2015-12-22,47900,49050,47450,48800,249206,1464000.0,30000000.0
2015-12-23,48650,49700,48300,48800,137689,1464000.0,30000000.0
2015-12-24,49050,49450,48500,48550,87422,1456500.0,30000000.0
2015-12-28,48850,48850,47250,47250,98604,1417500.0,30000000.0
2015-12-29,46900,47350,46400,46900,84435,1407000.0,30000000.0
2015-12-30,47000,47050,45800,46000,110298,1380000.0,30000000.0
2016-01-04,46000,46000,44850,44850,89011,1345500.0,30000000.0
2016-01-05,44200,45900,44200,45850,108102,1375500.0,30000000.0
2016-01-06,45850,45850,44600,45000,105914,1350000.0,30000000.0
2016-01-07,44850,45150,44000,44700,117716,1341000.0,30000000.0
2016-01-08,44300,44800,43750,44600,91260,1338000.0,30000000.0
2016-01-11,44200,44200,42200,42200,210281,1266000.0,30000000.0
2016-01-12,42500,42650,40750,41750,170726,1252500.0,30000000.0
2016-01-13,41950,43200,41950,42650,109781,1279500.0,30000000.0
2016-01-14,42000,42100,41400,41700,85408,1251000.0,30000000.0
2016-01-15,42200,42400,41000,41000,88998,1230000.0,30000000.0
2016-01-18,40900,41700,40800,41300,94161,1239000.0,30000000.0
2016-01-19,41100,41450,39300,39650,262639,1189500.0,30000000.0
2016-01-20,39650,39650,37100,37350,275185,1120500.0,30000000.0
2016-01-21,37400,38800,37200,38200,125224,1146000.0,30000000.0
2016-01-22,38750,39750,38500,39250,124365,1177500.0,30000000.0
2016-01-25,39750,40150,39300,39500,97122,1185000.0,30000000.0
2016-01-26,39300,39300,38250,38350,108137,1150500.0,30000000.0
2016-01-27,38750,39250,38500,38700,94150,1161000.0,30000000.0
2016-01-28,38150,39250,38150,38950,69139,1168500.0,30000000.0
2016-01-29,39700,40850,39500,40750,163370,1222500.0,30000000.0
2016-02-01,40500,40750,38250,38500,272929,1155000.0,30000000.0
2016-02-02,38350,39100,37950,38800,73522,1164000.0,30000000.0
2016-02-03,38350,38800,37650,37900,121919,1137000.0,30000000.0
2016-02-04,38150,39150,37950,38550,120577,1156500.0,30000000.0
2016-02-05,38600,39600,38600,39250,86039,1177500.0,30000000.0
2016-02-11,37950,38350,37700,37900,122237,1137000.0,30000000.0
2016-02-12,37550,37800,36700,37150,127137,1114500.0,30000000.0
2016-02-15,37800,38150,37250,37750,101709,1132500.0,30000000.0
2016-02-16,37900,39300,37900,39100,91556,1173000.0,30000000.0
2016-02-17,38850,39350,38750,39000,119371,1170000.0,30000000.0
2016-02-18,39500,39850,39000,39100,89045,1173000.0,30000000.0
2016-02-19,39000,39800,38850,39400,89067,1182000.0,30000000.0
2016-02-22,39550,40300,39200,40200,103661,1206000.0,30000000.0
2016-02-23,40550,40550,38700,39050,187880,1171500.0,30000000.0
2016-02-24,38650,39650,38600,39450,151265,1183500.0,30000000.0
2016-02-25,39650,39850,39450,39550,136885,1186500.0,30000000.0
2016-02-26,40000,40050,39000,39100,114892,1173000.0,30000000.0
2016-02-29,39150,39400,38950,39100,90378,1173000.0,30000000.0
2016-03-02,39500,40800,39400,40500,271730,1215000.0,30000000.0
2016-03-03,40250,40800,40150,40700,166370,1221000.0,30000000.0
2016-03-04,40550,41550,40550,41400,136710,1242000.0,30000000.0
2016-03-07,41800,43300,41400,42700,309153,1281000.0,30000000.0
2016-03-08,43000,43300,41850,42650,118988,1279500.0,30000000.0
2016-03-09,42250,42700,41600,41800,128842,1254000.0,30000000.0
2016-03-10,42150,42950,41900,42700,145334,1281000.0,30000000.0
2016-03-11,42600,43150,42200,43150,108159,1294500.0,30000000.0
2016-03-14,43300,43500,42100,42800,125950,1284000.0,30000000.0
2016-03-15,42550,43800,42550,43500,178298,1305000.0,30000000.0
2016-03-16,43500,44150,43300,43600,131823,1308000.0,30000000.0
2016-03-17,43900,45750,43800,45500,292499,1365000.0,30000000.0
2016-03-18,45750,47200,45350,47050,281505,1411500.0,30000000.0
2016-03-21,47200,47650,46250,46800,170890,1404000.0,30000000.0
2016-03-22,46700,47300,45950,46400,125950,1392000.0,30000000.0
2016-03-23,46500,48400,46300,47750,229335,1432500.0,30000000.0
2016-03-24,47300,48300,46600,47200,129060,1416000.0,30000000.0
2016-03-25,47500,48150,46750,46750,135178,1402500.0,30000000.0
2016-03-28,46500,48000,45900,47700,164330,1431000.0,30000000.0
2016-03-29,47700,48400,47450,48350,115636,1450500.0,30000000.0
2016-03-30,48050,48050,45000,46450,326726,1393500.0,30000000.0
2016-03-31,46850,48900,46650,47650,242961,1429500.0,30000000.0
2016-04-01,48300,48300,45600,45950,235982,1378500.0,30000000.0
2016-04-04,46300,46350,44800,46050,122747,1381500.0,30000000.0
2016-04-05,46150,46800,45650,45750,99049,1372500.0,30000000.0
2016-04-06,45450,45750,44950,45150,85375,1354500.0,30000000.0
2016-04-07,45200,46600,45200,46400,117897,1392000.0,30000000.0
2016-04-08,46400,47450,45800,47150,132198,1414500.0,30000000.0
2016-04-11,46850,47350,46200,46950,92252,1408500.0,30000000.0
2016-04-12,46950,49850,46900,49600,265915,1488000.0,30000000.0
2016-04-14,49600,50700,49550,50400,196072,1512000.0,30000000.0
2016-04-15,50400,50700,49800,50300,116329,1509000.0,30000000.0
2016-04-18,50000,50800,48850,50400,99058,1512000.0,30000000.0
2016-04-19,50700,51800,50100,51400,129836,1542000.0,30000000.0
2016-04-20,51300,51300,49000,49300,208540,1479000.0,30000000.0
2016-04-21,50200,52000,49900,51800,209906,1554000.0,30000000.0
2016-04-22,51300,52100,50900,51800,122615,1554000.0,30000000.0
2016-04-25,51300,52300,50500,51900,90344,1557000.0,30000000.0
2016-04-26,52000,52000,50900,51300,59207,1539000.0,30000000.0
2016-04-27,51900,51900,49900,50400,125713,1512000.0,30000000.0
2016-04-28,50400,52400,50400,51000,143401,1530000.0,30000000.0
2016-04-29,51200,52600,50100,52300,128585,1569000.0,30000000.0
2016-05-02,52000,52200,51000,51200,62718,1536000.0,30000000.0
2016-05-03,51200,51900,50600,50800,65416,1524000.0,30000000.0
2016-05-04,50200,51700,50100,50600,105980,1518000.0,30000000.0
2016-05-09,50800,51000,48450,49100,129138,1473000.0,30000000.0
2016-05-10,48500,51000,48500,50800,107854,1524000.0,30000000.0
2016-05-11,50400,50700,49800,50300,60281,1509000.0,30000000.0
2016-05-12,50500,52000,49600,50000,128772,1500000.0,30000000.0
2016-05-13,49700,50500,49250,49650,77190,1489500.0,30000000.0
2016-05-16,49300,50700,49200,49900,52895,1497000.0,30000000.0
2016-05-17,50100,50500,48700,49550,64176,1486500.0,30000000.0
2016-05-18,49300,50600,48650,49650,71152,1489500.0,30000000.0
2016-05-19,49350,50200,48500,49050,58663,1471500.0,30000000.0
2016-05-20,48750,49350,48300,49300,54135,1479000.0,30000000.0
2016-05-23,49300,49500,48400,49150,81623,1474500.0,30000000.0
2016-05-24,49850,50500,49150,49200,79309,1476000.0,30000000.0
2016-05-25,49700,50800,49300,50700,73768,1521000.0,30000000.0
2016-05-26,50800,50900,49550,50100,60170,1503000.0,30000000.0
2016-05-27,49850,50800,49700,49800,46986,1494000.0,30000000.0
2016-05-30,49500,49850,48950,49350,37248,1480500.0,30000000.0
2016-05-31,49250,51100,49050,51000,88774,1530000.0,30000000.0
2016-06-01,50600,51300,50300,50300,68537,1509000.0,30000000.0
2016-06-02,50100,51100,50100,50500,72649,1515000.0,30000000.0
2016-06-03,51000,51100,50300,51100,54608,1533000.0,30000000.0
2016-06-07,51400,51500,50600,51100,52231,1533000.0,30000000.0
2016-06-08,50800,51800,50600,50900,90509,1527000.0,30000000.0
2016-06-09,50900,51300,49750,49850,140312,1495500.0,30000000.0
2016-06-10,49750,50600,49600,49600,79294,1488000.0,30000000.0
2016-06-13,49700,50300,48000,48000,157876,1440000.0,30000000.0
2016-06-14,48500,48650,47250,47300,175113,1419000.0,30000000.0
2016-06-15,47500,48700,47350,48100,92461,1443000.0,30000000.0
2016-06-16,48150,48450,47300,47500,89324,1425000.0,30000000.0
2016-06-17,47600,48400,46800,47300,87200,1419000.0,30000000.0
2016-06-20,48300,48450,46600,48050,61899,1441500.0,30000000.0
2016-06-21,48050,48750,47400,48000,68179,1440000.0,30000000.0
2016-06-22,48350,49400,47900,49250,64271,1477500.0,30000000.0
2016-06-23,48700,49300,48200,48600,41845,1458000.0,30000000.0
2016-06-24,48700,49400,46150,46400,156512,1392000.0,30000000.0
2016-06-27,45600,46400,45200,45800,96701,1374000.0,30000000.0
2016-06-28,45450,46100,45000,46000,99152,1380000.0,30000000.0
2016-06-29,46400,48500,46350,48150,86536,1444500.0,30000000.0
2016-06-30,48450,48450,47400,47550,46148,1426500.0,30000000.0
2016-07-01,47550,48150,47200,47550,65699,1426500.0,30000000.0
2016-07-04,47400,48000,47400,47850,34514,1435500.0,30000000.0
2016-07-05,47650,47950,47200,47500,43501,1425000.0,30000000.0
2016-07-06,47700,47850,46600,47050,60126,1411500.0,30000000.0
2016-07-07,47700,47700,47100,47300,47882,1419000.0,30000000.0
2016-07-08,47200,47500,46500,47250,61686,1417500.0,30000000.0
2016-07-11,47750,48900,47600,48600,97550,1458000.0,30000000.0
2016-07-12,48950,48950,45200,45550,508395,1366500.0,30000000.0
2016-07-13,46000,46200,44100,44550,431800,1336500.0,30000000.0
2016-07-14,44700,44800,44150,44550,156597,1336500.0,30000000.0
2016-07-15,44550,44700,44200,44250,99143,1327500.0,30000000.0
2016-07-18,44100,44500,43200,43250,128581,1297500.0,30000000.0
2016-07-19,43500,43800,43150,43250,94754,1297500.0,30000000.0
2016-07-20,43250,43800,43150,43400,72796,1302000.0,30000000.0
2016-07-21,43800,44200,43600,43600,75995,1308000.0,30000000.0
2016-07-22,43500,44250,43500,44100,60734,1323000.0,30000000.0
2016-07-25,44250,44300,43350,43750,116273,1312500.0,30000000.0
2016-07-26,43500,43950,43150,43700,122835,1311000.0,30000000.0
2016-07-27,43700,44100,43450,43650,86407,1309500.0,30000000.0
2016-07-28,43600,43900,43500,43650,79703,1309500.0,30000000.0
2016-07-29,43550,44050,43350,43350,128782,1300500.0,30000000.0
2016-08-01,43500,43900,43250,43450,66118,1303500.0,30000000.0
2016-08-02,43300,43650,43200,43250,71012,1297500.0,30000000.0
2016-08-03,43250,43600,42550,43150,116849,1294500.0,30000000.0
2016-08-04,43150,43400,43000,43000,73150,1290000.0,30000000.0
2016-08-05,43100,43500,42750,43350,80261,1300500.0,30000000.0
2016-08-08,43800,44300,43300,43600,81422,1308000.0,30000000.0
2016-08-09,43600,44100,43450,43850,61565,1315500.0,30000000.0
2016-08-10,43600,44750,43600,44450,89342,1333500.0,30000000.0
2016-08-11,44400,44950,44200,44800,83701,1344000.0,30000000.0
2016-08-12,44800,45200,44550,44900,140954,1347000.0,30000000.0
2016-08-16,45200,45300,44850,44850,74240,1345500.0,30000000.0
2016-08-17,45150,45150,44200,44400,57259,1332000.0,30000000.0
2016-08-18,44700,44900,44400,44400,39952,1332000.0,30000000.0
2016-08-19,44500,44900,44350,44500,49795,1335000.0,30000000.0
2016-08-22,44600,44650,44200,44300,41380,1329000.0,30000000.0
2016-08-23,43950,44550,43800,44500,57389,1335000.0,30000000.0
2016-08-24,44250,44550,44150,44150,34704,1324500.0,30000000.0
2016-08-25,44350,44350,43800,43900,37389,1317000.0,30000000.0
2016-08-26,44050,44250,43550,44100,45080,1323000.0,30000000.0
2016-08-29,44100,44150,42900,42900,74197,1287000.0,30000000.0
2016-08-30,43000,43450,43000,43350,27038,1300500.0,30000000.0
2016-08-31,43350,43400,42600,42700,56681,1281000.0,30000000.0
2016-09-01,42600,43200,42250,43050,45667,1291500.0,30000000.0
2016-09-02,43450,43450,42500,42900,42085,1287000.0,30000000.0
2016-09-05,43200,44100,43100,44050,59950,1321500.0,30000000.0
2016-09-06,44050,44900,43700,43800,54552,1314000.0,30000000.0
2016-09-07,43600,44000,43550,43600,48550,1308000.0,30000000.0
2016-09-08,43900,43900,43350,43450,46896,1303500.0,30000000.0
2016-09-09,43400,43400,42700,42750,74092,1282500.0,30000000.0
2016-09-12,42250,42500,41700,42200,110306,1266000.0,30000000.0
2016-09-13,42350,42450,41150,41200,104837,1236000.0,30000000.0
2016-09-19,41000,41450,40600,41400,31729,1242000.0,30000000.0
2016-09-20,40950,41400,40650,41200,87816,1236000.0,30000000.0
2016-09-21,41200,42100,40900,42000,43342,1260000.0,30000000.0
2016-09-22,42000,42150,41500,42000,24685,1260000.0,30000000.0
2016-09-23,42400,42400,41500,41700,49935,1251000.0,30000000.0
2016-09-26,42250,42250,41500,41500,56048,1245000.0,30000000.0
2016-09-27,41000,41350,40800,41150,92382,1234500.0,30000000.0
2016-09-28,41450,41500,41000,41300,89416,1239000.0,30000000.0
2016-09-29,41300,42200,41300,42050,53732,1261500.0,30000000.0
2016-09-30,41750,42300,41600,42000,52902,1260000.0,30000000.0
2016-10-04,41850,42250,41750,42000,46891,1260000.0,30000000.0
2016-10-05,41900,42800,41650,42250,60102,1267500.0,30000000.0
2016-10-06,41950,43150,41950,43050,94172,1291500.0,30000000.0
2016-10-07,42700,43400,42700,42750,69662,1282500.0,30000000.0
2016-10-10,42450,44250,42450,43850,91386,1315500.0,30000000.0
2016-10-11,43500,44350,43500,43800,66102,1314000.0,30000000.0
2016-10-12,44000,44200,43650,43850,53810,1315500.0,30000000.0
2016-10-13,43350,43650,42750,42750,52668,1282500.0,30000000.0
2016-10-14,42450,43500,42450,42800,45754,1284000.0,30000000.0
2016-10-17,43300,43400,42450,42450,48143,1273500.0,30000000.0
2016-10-18,42150,43100,42100,42900,37941,1287000.0,30000000.0
2016-10-19,42700,43300,42550,43250,48958,1297500.0,30000000.0
2016-10-20,43300,43500,43100,43250,38235,1297500.0,30000000.0
2016-10-21,43300,43600,43200,43200,50548,1296000.0,30000000.0
2016-10-24,43250,44100,43200,44050,96472,1321500.0,30000000.0
2016-10-25,44000,44050,43500,43850,53309,1315500.0,30000000.0
2016-10-26,43650,43650,42350,42950,66720,1288500.0,30000000.0
2016-10-27,42450,42950,42400,42650,41322,1279500.0,30000000.0
2016-10-28,42000,42400,39700,39700,369116,1191000.0,30000000.0
2016-10-31,39500,39550,38700,39150,139913,1174500.0,30000000.0
2016-11-01,38950,39250,38250,38400,122993,1152000.0,30000000.0
2016-11-02,38200,38300,37650,38100,123499,1143000.0,30000000.0
2016-11-03,37450,38850,37450,38750,62438,1162500.0,30000000.0
2016-11-04,38300,38700,37950,38350,55792,1150500.0,30000000.0
2016-11-07,38700,39800,38350,39800,85802,1194000.0,30000000.0
2016-11-08,39800,39850,38900,39350,59938,1180500.0,30000000.0
2016-11-09,39550,39750,37500,38450,105538,1153500.0,30000000.0
2016-11-10,38700,40000,38700,39850,106516,1195500.0,30000000.0
2016-11-11,39950,40900,39750,40850,148782,1225500.0,30000000.0
2016-11-14,40850,41750,40450,41150,84510,1234500.0,30000000.0
2016-11-15,41150,41400,40800,41050,51596,1231500.0,30000000.0
2016-11-16,41100,41800,41000,41450,67762,1243500.0,30000000.0
2016-11-17,41100,41500,40850,40850,50338,1225500.0,30000000.0
2016-11-18,40900,41550,40100,40550,69898,1216500.0,30000000.0
2016-11-21,40950,41050,40000,40100,40902,1203000.0,30000000.0
2016-11-22,40100,40550,39900,40200,44770,1206000.0,30000000.0
2016-11-23,40000,40550,39400,39400,71460,1182000.0,30000000.0
2016-11-24,39050,39800,38500,38650,78155,1159500.0,30000000.0
2016-11-25,38850,40250,38500,38900,64175,1167000.0,30000000.0
2016-11-28,38800,39250,38550,38700,40958,1161000.0,30000000.0
2016-11-29,38300,39400,38300,39000,58242,1170000.0,30000000.0
2016-11-30,39400,39450,38750,38900,70275,1167000.0,30000000.0
2016-12-01,38750,39800,38750,39750,78254,1192500.0,30000000.0
2016-12-02,39750,39750,38800,39000,63930,1170000.0,30000000.0
2016-12-05,38750,39800,38300,39500,65416,1185000.0,30000000.0
2016-12-06,40000,40500,39500,40300,99174,1209000.0,30000000.0
2016-12-07,40400,40550,39300,39750,60250,1192500.0,30000000.0
2016-12-08,39800,40600,39400,40600,80714,1218000.0,30000000.0
2016-12-09,40200,40500,40050,40350,30515,1210500.0,30000000.0
2016-12-12,40650,41000,40400,40900,55853,1227000.0,30000000.0
2016-12-13,41000,41850,40450,41850,120705,1255500.0,30000000.0
2016-12-14,41800,42100,41250,41700,56803,1251000.0,30000000.0
2016-12-15,41250,42000,40950,41450,58390,1243500.0,30000000.0
2016-12-16,41100,41400,40250,40450,94060,1213500.0,30000000.0
2016-12-19,40450,40600,40100,40400,21913,1212000.0,30000000.0
2016-12-20,40450,40600,40150,40400,33300,1212000.0,30000000.0
2016-12-21,40550,40800,40350,40700,41138,1221000.0,30000000.0
2016-12-22,40700,40800,40550,40700,15217,1221000.0,30000000.0
2016-12-23,40350,40900,40350,40750,28118,1222500.0,30000000.0
2016-12-26,40750,41550,40450,41350,72255,1240500.0,30000000.0
2016-12-27,41350,41350,41000,41250,38801,1237500.0,30000000.0
2016-12-28,40550,41150,40250,40250,46432,1207500.0,30000000.0
2016-12-29,40100,40450,39700,39750,34688,1192500.0,30000000.0
2017-01-02,39950,40050,39700,40050,20231,1201500.0,30000000.0
2017-01-03,40000,40000,39150,39150,121742,1174500.0,30000000.0
2017-01-04,39050,39250,38900,38950,57463,1168500.0,30000000.0
2017-01-05,38850,39350,38700,39200,71105,1176000.0,30000000.0
2017-01-06,39200,39400,38950,39250,45566,1177500.0,30000000.0
2017-01-09,39250,39300,38800,39000,74163,1170000.0,30000000.0
2017-01-10,39000,39000,38500,38550,84611,1156500.0,30000000.0
2017-01-11,38400,38950,38400,38800,41310,1164000.0,30000000.0
2017-01-12,39000,40100,38850,39900,112906,1197000.0,30000000.0
2017-01-13,39900,40300,39600,40250,45589,1207500.0,30000000.0
2017-01-16,40250,40350,39300,39650,66443,1189500.0,30000000.0
2017-01-17,39450,40150,39450,39800,39859,1194000.0,30000000.0
2017-01-18,39800,40000,39350,39950,35873,1198500.0,30000000.0
2017-01-19,39950,40300,39800,40150,56668,1204500.0,30000000.0
2017-01-20,40250,40250,39950,40200,30302,1206000.0,30000000.0
2017-01-23,39900,40950,39900,40300,77571,1209000.0,30000000.0
2017-01-24,40400,40650,39600,40050,40506,1201500.0,30000000.0
2017-01-25,40300,40300,39500,39500,32133,1185000.0,30000000.0
2017-01-26,39600,39700,39200,39350,32756,1180500.0,30000000.0
2017-01-31,39000,42150,38950,42150,235783,1264500.0,30000000.0
2017-02-01,42150,42300,41650,42200,102253,1266000.0,30000000.0
2017-02-02,42050,42700,42000,42400,78693,1272000.0,30000000.0
2017-02-03,42500,42800,42000,42150,89101,1264500.0,30000000.0
2017-02-06,42450,42850,42100,42700,78658,1281000.0,30000000.0
2017-02-07,42750,43100,42100,42950,52532,1288500.0,30000000.0
2017-02-08,42950,43600,42600,43550,73041,1306500.0,30000000.0
2017-02-09,43550,43800,43100,43450,42407,1303500.0,30000000.0
2017-02-10,43500,44200,43150,44050,124407,1321500.0,30000000.0
2017-02-13,44200,44250,43650,43700,44743,1311000.0,30000000.0
2017-02-14,43750,44100,42750,43950,63304,1318500.0,30000000.0
2017-02-15,43950,44100,43450,43600,47067,1308000.0,30000000.0
2017-02-16,43750,44000,42850,43800,54853,1314000.0,30000000.0
2017-02-17,43550,44250,43100,43850,42197,1315500.0,30000000.0
2017-02-20,43500,43850,43150,43700,33097,1311000.0,30000000.0
2017-02-21,43700,44550,43250,44450,78498,1333500.0,30000000.0
2017-02-22,44150,44450,43650,43650,49796,1309500.0,30000000.0
2017-02-23,44150,44150,43000,43050,74200,1291500.0,30000000.0
2017-02-24,43100,43600,43000,43350,42401,1300500.0,30000000.0
2017-02-27,43850,43850,43150,43300,24199,1299000.0,30000000.0
2017-02-28,43350,43700,42400,43300,62946,1299000.0,30000000.0
2017-03-02,43550,43950,42800,42800,67925,1284000.0,30000000.0
2017-03-03,42600,43850,42550,43700,80446,1311000.0,30000000.0
2017-03-06,43600,43700,42950,43350,48200,1300500.0,30000000.0
2017-03-07,43350,45100,43350,45000,146894,1350000.0,30000000.0
2017-03-08,44750,46350,44750,45900,126981,1377000.0,30000000.0
2017-03-09,45950,45950,45100,45350,59800,1360500.0,30000000.0
2017-03-10,45300,45550,44550,45300,61333,1359000.0,30000000.0
2017-03-13,45000,45650,45000,45350,34905,1360500.0,30000000.0
2017-03-14,45200,45800,44800,45650,71685,1369500.0,30000000.0
2017-03-15,45750,45900,45200,45500,43446,1365000.0,30000000.0
2017-03-16,45950,45950,45050,45650,70776,1369500.0,30000000.0
2017-03-17,46000,46150,45450,46050,70760,1381500.0,30000000.0
2017-03-20,46000,46200,45400,46000,55133,1380000.0,30000000.0
2017-03-21,46350,46350,45700,46000,51306,1380000.0,30000000.0
2017-03-22,46150,46200,45800,46100,81630,1383000.0,30000000.0
2017-03-23,46350,46350,45950,46150,61827,1384500.0,30000000.0
2017-03-24,46300,47850,46300,47650,188273,1429500.0,30000000.0
2017-03-27,47850,47850,46500,47550,110057,1426500.0,30000000.0
2017-03-28,47700,47850,46650,47550,117253,1426500.0,30000000.0
2017-03-29,47050,47600,46300,46850,135708,1405500.0,30000000.0
2017-03-30,46950,47150,46450,46850,48158,1405500.0,30000000.0
2017-03-31,46650,47250,46400,47250,28352,1417500.0,30000000.0
2017-04-03,47250,47300,46450,46550,42663,1396500.0,30000000.0
2017-04-04,46600,47500,46350,47150,46631,1414500.0,30000000.0
2017-04-05,47550,47550,46550,47100,52671,1413000.0,30000000.0
2017-04-06,46700,47400,46550,47350,30914,1420500.0,30000000.0
2017-04-07,47500,47700,47100,47450,35867,1423500.0,30000000.0
2017-04-10,47050,47450,46700,47000,36860,1410000.0,30000000.0
2017-04-11,46650,47550,46650,47450,70532,1423500.0,30000000.0
2017-04-12,47300,48500,47300,48350,107301,1450500.0,30000000.0
2017-04-13,48450,48700,48300,48700,71419,1461000.0,30000000.0
2017-04-14,48600,48900,48050,48750,36372,1462500.0,30000000.0
2017-04-17,48600,49650,48600,49450,55257,1483500.0,30000000.0
2017-04-18,49650,49900,49050,49400,61773,1482000.0,30000000.0
2017-04-19,49400,50600,49350,50600,100712,1518000.0,30000000.0
2017-04-20,50700,50800,50000,50500,67949,1515000.0,30000000.0
2017-04-21,50400,50800,49800,50600,72102,1518000.0,30000000.0
2017-04-24,50600,50900,49900,50000,57483,1500000.0,30000000.0
2017-04-25,49850,50400,49600,50400,51717,1512000.0,30000000.0
2017-04-26,50200,50900,50100,50500,47325,1515000.0,30000000.0
2017-04-27,50800,50900,50100,50800,38312,1524000.0,30000000.0
2017-04-28,50000,51300,50000,50800,66514,1524000.0,30000000.0
2017-05-02,51200,52300,50100,51800,98603,1554000.0,30000000.0
2017-05-04,51400,52100,51400,51600,50699,1548000.0,30000000.0
2017-05-08,51500,53000,51300,52900,125142,1587000.0,30000000.0
2017-05-10,53000,54400,52600,52800,114879,1584000.0,30000000.0
2017-05-11,53300,54200,52700,53500,101918,1605000.0,30000000.0
2017-05-12,53600,54100,52900,53700,70851,1611000.0,30000000.0
2017-05-15,54200,54400,53300,54000,48360,1620000.0,30000000.0
2017-05-16,54400,54400,52800,53500,58843,1605000.0,30000000.0
2017-05-17,53000,53500,52600,52800,117713,1584000.0,30000000.0
2017-05-18,52000,53500,52000,52800,65007,1584000.0,30000000.0
2017-05-19,53000,53600,52900,53100,47906,1593000.0,30000000.0
2017-05-22,53600,54200,52800,53800,82096,1614000.0,30000000.0
2017-05-23,53700,54700,53600,54100,72033,1623000.0,30000000.0
2017-05-24,54700,54800,54100,54700,54426,1641000.0,30000000.0
2017-05-25,54900,55000,54500,54700,46200,1641000.0,30000000.0
2017-05-26,54500,54800,54000,54100,52229,1623000.0,30000000.0
2017-05-29,54100,54800,53900,54000,36666,1620000.0,30000000.0
2017-05-30,54300,54800,53700,54100,44789,1623000.0,30000000.0
2017-05-31,53900,54900,53700,54800,58987,1644000.0,30000000.0
2017-06-01,54700,54800,53900,54400,46258,1632000.0,30000000.0
2017-06-02,54200,54500,53900,54200,37165,1626000.0,30000000.0
2017-06-05,54200,54400,53800,53800,41042,1614000.0,30000000.0
2017-06-07,53400,54600,53000,54200,72432,1626000.0,30000000.0
2017-06-08,54300,54400,53200,53400,105569,1602000.0,30000000.0
2017-06-09,53900,54200,53500,53800,40698,1614000.0,30000000.0
2017-06-12,54300,54800,53300,53600,59871,1608000.0,30000000.0
2017-06-13,53300,54500,53200,53600,84752,1608000.0,30000000.0
2017-06-14,53600,54800,53600,54800,63572,1644000.0,30000000.0
2017-06-15,54400,57100,54100,56700,142388,1701000.0,30000000.0
2017-06-16,56900,57800,56700,56700,133699,1701000.0,30000000.0
2017-06-19,56800,57400,56300,57100,60942,1713000.0,30000000.0
2017-06-20,57300,57300,55700,56000,52371,1680000.0,30000000.0
2017-06-21,55500,56400,54900,55700,51207,1671000.0,30000000.0
2017-06-22,55200,55700,54200,54300,63634,1629000.0,30000000.0
2017-06-23,54900,56000,54800,55500,46141,1665000.0,30000000.0
2017-06-26,55500,56300,55200,55800,47422,1674000.0,30000000.0
2017-06-27,55700,56300,54800,55800,47521,1674000.0,30000000.0
2017-06-28,55800,56000,54700,55000,50998,1650000.0,30000000.0
2017-06-29,54800,55900,54800,55600,34245,1668000.0,30000000.0
2017-06-30,54900,56200,54900,55800,30034,1674000.0,30000000.0
2017-07-03,55800,55900,54400,54400,53681,1632000.0,30000000.0
2017-07-04,54900,55100,54400,54600,61754,1638000.0,30000000.0
2017-07-05,54200,54800,53800,54000,55818,1620000.0,30000000.0
2017-07-06,53900,54600,53600,54400,76197,1632000.0,30000000.0
2017-07-07,53800,54900,53800,54600,43766,1638000.0,30000000.0
2017-07-10,54400,54900,54000,54400,44143,1632000.0,30000000.0
2017-07-11,54100,54300,53600,53700,44876,1611000.0,30000000.0
2017-07-12,53500,54300,53100,53300,44641,1599000.0,30000000.0
2017-07-13,53800,53900,52900,53500,84022,1605000.0,30000000.0
2017-07-14,53400,53400,52100,52500,88839,1575000.0,30000000.0
2017-07-17,52900,53200,52600,52900,64765,1587000.0,30000000.0
2017-07-18,53400,53700,52600,53100,62247,1593000.0,30000000.0
2017-07-19,53400,53900,52400,53100,57707,1593000.0,30000000.0
2017-07-20,53200,54000,52400,53600,52788,1608000.0,30000000.0
2017-07-21,53400,53800,53100,53700,47479,1611000.0,30000000.0
2017-07-24,53900,56300,53700,56300,154364,1689000.0,30000000.0
2017-07-25,57400,58100,56500,56800,226745,1704000.0,30000000.0
2017-07-26,57600,57600,56800,57200,150041,1716000.0,30000000.0
2017-07-27,57300,57900,56800,57800,95976,1734000.0,30000000.0
2017-07-28,57800,58200,57300,57700,94383,1731000.0,30000000.0
2017-07-31,57800,58400,57600,57800,93991,1734000.0,30000000.0
2017-08-01,57300,59200,56900,59200,186844,1776000.0,30000000.0
2017-08-02,59400,60300,59200,60100,115021,1803000.0,30000000.0
2017-08-03,59700,60100,58900,59700,89918,1791000.0,30000000.0
2017-08-04,60000,60600,58800,59200,73052,1776000.0,30000000.0
2017-08-07,59100,60000,58900,59000,39885,1770000.0,30000000.0
2017-08-08,59700,60200,58300,60000,63047,1800000.0,30000000.0
2017-08-09,59400,60200,59400,59600,47141,1788000.0,30000000.0
2017-08-10,59300,59900,58100,59200,45560,1776000.0,30000000.0
2017-08-11,58000,59100,57900,58800,45558,1764000.0,30000000.0
2017-08-14,58200,59000,58000,58700,29059,1761000.0,30000000.0
2017-08-16,59000,59400,57100,58800,39456,1764000.0,30000000.0
2017-08-17,58200,60200,58100,59900,56684,1797000.0,30000000.0
2017-08-18,59000,59800,59000,59000,25652,1770000.0,30000000.0
2017-08-21,59000,59100,58000,58600,28269,1758000.0,30000000.0
2017-08-22,58500,59600,58400,58800,30497,1764000.0,30000000.0
2017-08-23,58900,59700,58900,59500,41286,1785000.0,30000000.0
2017-08-24,59300,59500,58500,58900,33442,1767000.0,30000000.0
2017-08-25,59200,59200,58200,59100,22490,1773000.0,30000000.0
2017-08-28,58700,59300,58400,58500,26511,1755000.0,30000000.0
2017-08-29,58500,58700,57700,58300,31296,1749000.0,30000000.0
2017-08-30,58400,58600,57600,58100,33498,1743000.0,30000000.0
2017-08-31,57800,58400,57300,58200,39444,1746000.0,30000000.0
2017-09-01,58600,58800,57500,57800,62124,1734000.0,30000000.0
2017-09-04,56700,57600,56500,57100,52297,1713000.0,30000000.0
2017-09-05,57400,57700,56600,56900,31288,1707000.0,30000000.0
2017-09-06,57300,57500,56700,56900,43529,1707000.0,30000000.0
2017-09-07,56900,58400,56900,58100,50339,1743000.0,30000000.0
2017-09-08,58000,58400,57600,58200,33221,1746000.0,30000000.0
2017-09-11,58000,58900,57000,57800,44474,1734000.0,30000000.0
2017-09-12,57900,58500,57600,58300,25966,1749000.0,30000000.0
2017-09-13,58100,59100,57800,58100,41694,1743000.0,30000000.0
2017-09-14,57800,58600,57000,58000,80237,1740000.0,30000000.0
2017-09-15,58000,58600,56800,58600,70241,1758000.0,30000000.0
2017-09-18,58500,58500,57800,58000,30898,1740000.0,30000000.0
2017-09-19,58700,58900,57000,57300,61735,1719000.0,30000000.0
2017-09-20,57600,57600,56500,56700,43193,1701000.0,30000000.0
2017-09-21,56200,57200,56100,56600,34550,1698000.0,30000000.0
2017-09-22,56100,56600,54600,55000,52755,1650000.0,30000000.0
2017-09-25,54500,55600,52800,54700,29625,1641000.0,30000000.0
2017-09-26,55100,55400,54600,55100,26998,1653000.0,30000000.0
2017-09-27,55100,55100,54100,54400,26839,1632000.0,30000000.0
2017-09-28,53800,54600,52800,54400,71356,1632000.0,30000000.0
2017-09-29,54700,54700,53600,54100,47990,1623000.0,30000000.0
2017-10-10,54100,56600,53800,53800,116442,1614000.0,30000000.0
2017-10-11,53800,55000,53100,54100,106346,1623000.0,30000000.0
2017-10-12,55000,56400,54500,55500,87384,1665000.0,30000000.0
2017-10-13,55400,57400,55100,57300,102583,1719000.0,30000000.0
2017-10-16,56700,57900,56500,57400,60186,1722000.0,30000000.0
2017-10-17,56800,58500,56600,57200,81888,1716000.0,30000000.0
2017-10-18,57200,58300,56900,58000,60730,1740000.0,30000000.0
2017-10-19,57600,58000,57000,57500,60699,1725000.0,30000000.0
2017-10-20,56900,57400,56100,57100,83154,1713000.0,30000000.0
2017-10-23,57100,57400,56400,57300,60084,1719000.0,30000000.0
2017-10-24,57400,58400,57100,58000,68470,1740000.0,30000000.0
2017-10-25,57600,57800,57000,57800,57836,1734000.0,30000000.0
2017-10-26,57500,57900,56600,57100,52711,1713000.0,30000000.0
2017-10-27,56800,58000,56800,57600,73998,1728000.0,30000000.0
2017-10-30,57500,58000,56600,57100,55660,1713000.0,30000000.0
2017-10-31,56700,60300,56000,59900,233419,1797000.0,30000000.0
2017-11-01,59700,60900,59100,60500,186391,1815000.0,30000000.0
2017-11-02,60900,61000,59100,59900,111386,1797000.0,30000000.0
2017-11-03,60300,61500,60200,60800,110981,1824000.0,30000000.0
2017-11-06,61000,61000,59100,59800,89623,1794000.0,30000000.0
2017-11-07,59600,60500,59300,59900,68257,1797000.0,30000000.0
2017-11-08,59400,61300,59400,61300,123690,1839000.0,30000000.0
2017-11-09,61500,61700,60300,61200,92341,1836000.0,30000000.0
2017-11-10,60800,61500,60200,61200,66500,1836000.0,30000000.0
2017-11-13,60500,61400,60100,60400,37134,1812000.0,30000000.0
2017-11-14,60200,61000,59100,61000,52620,1830000.0,30000000.0
2017-11-15,60600,60900,59600,60300,66081,1809000.0,30000000.0
2017-11-16,60100,60700,59700,60500,42372,1815000.0,30000000.0
2017-11-17,60000,61500,60000,61300,103509,1839000.0,30000000.0
2017-11-20,61300,62000,60600,61500,91887,1845000.0,30000000.0
2017-11-21,62100,62300,61100,62000,67479,1860000.0,30000000.0
2017-11-22,62000,62200,60700,61100,40825,1833000.0,30000000.0
2017-11-23,60800,62600,60800,62500,73096,1875000.0,30000000.0
2017-11-24,62600,63000,61800,62900,57564,1887000.0,30000000.0
2017-11-27,63200,63400,61400,61600,58220,1848000.0,30000000.0
2017-11-28,61200,62800,61200,62500,71435,1875000.0,30000000.0
2017-11-29,62500,62500,61300,61500,39078,1845000.0,30000000.0
2017-11-30,62400,62900,61000,61200,38122,1836000.0,30000000.0
2017-12-01,60900,61000,59700,60300,46793,1809000.0,30000000.0
2017-12-04,60600,61200,60000,60200,48949,1806000.0,30000000.0
2017-12-05,60200,60900,59900,60500,49556,1815000.0,30000000.0
2017-12-06,61400,61400,59500,59500,32425,1785000.0,30000000.0
2017-12-07,59400,60900,59400,60100,70673,1803000.0,30000000.0
2017-12-08,60000,60500,58800,59300,40577,1779000.0,30000000.0
2017-12-11,59000,60000,58800,60000,39203,1800000.0,30000000.0
2017-12-12,59400,60300,59000,59600,27941,1788000.0,30000000.0
2017-12-13,59500,62800,59500,62800,102663,1884000.0,30000000.0
2017-12-14,62800,63500,59500,59500,107088,1785000.0,30000000.0
2017-12-15,61300,64100,60900,64100,166447,1923000.0,30000000.0
2017-12-18,64100,65100,63400,64700,86335,1941000.0,30000000.0
2017-12-19,64700,65200,62200,63100,62824,1893000.0,30000000.0
2017-12-20,63100,65000,63000,64500,84905,1935000.0,30000000.0
2017-12-21,63800,64900,62900,64000,51836,1920000.0,30000000.0
2017-12-22,64000,64500,62900,64100,59921,1923000.0,30000000.0
2017-12-26,63100,66300,63100,65700,167004,1971000.0,30000000.0
2017-12-27,65200,65500,64200,65300,48621,1959000.0,30000000.0
2017-12-28,65500,66000,64400,65100,34499,1953000.0,30000000.0
2018-01-02,65100,67000,65100,66900,71733,2007000.0,30000000.0
2018-01-03,65700,66700,65100,65600,42991,1968000.0,30000000.0
2018-01-04,65900,65900,64700,65100,40764,1953000.0,30000000.0
2018-01-05,65800,67500,64900,67100,85647,2013000.0,30000000.0
2018-01-08,67500,67800,66300,67300,66679,2019000.0,30000000.0
2018-01-09,67500,67500,66300,67100,44035,2013000.0,30000000.0
2018-01-10,67200,71200,67200,70700,170879,2121000.0,30000000.0
2018-01-11,71000,71500,69900,70200,82921,2106000.0,30000000.0
2018-01-12,70300,72200,70300,71300,83316,2139000.0,30000000.0
2018-01-15,72500,73000,70100,70200,92239,2106000.0,30000000.0
2018-01-16,70200,70200,68400,68500,107007,2055000.0,30000000.0
2018-01-17,68200,69200,67800,68400,71834,2052000.0,30000000.0
2018-01-18,68600,70000,68400,68600,71270,2058000.0,30000000.0
2018-01-19,68100,69100,67500,67500,64326,2025000.0,30000000.0
2018-01-22,67500,68700,66600,67500,63602,2025000.0,30000000.0
2018-01-23,67800,68400,67000,67600,56498,2028000.0,30000000.0
2018-01-24,67600,69700,67600,69200,65865,2076000.0,30000000.0
2018-01-25,68900,70700,68900,70200,69455,2106000.0,30000000.0
2018-01-26,70500,71300,69100,70000,48671,2100000.0,30000000.0
2018-01-29,70000,71000,69600,69600,38444,2088000.0,30000000.0
2018-01-30,69900,70800,69500,69800,53745,2094000.0,30000000.0
2018-01-31,69900,70100,67800,68900,51419,2067000.0,30000000.0
2018-02-01,68300,69800,68200,69000,46951,2070000.0,30000000.0
2018-02-02,68000,68000,60800,61000,639583,1830000.0,30000000.0
2018-02-05,60200,60700,57600,58500,289038,1755000.0,30000000.0
2018-02-06,57000,57500,55000,56300,270784,1689000.0,30000000.0
2018-02-07,57100,57600,55100,55100,149178,1653000.0,30000000.0
2018-02-08,54900,56400,54300,55700,176800,1671000.0,30000000.0
2018-02-09,53700,55500,53700,54800,125365,1644000.0,30000000.0
2018-02-12,55200,55500,54200,55000,87783,1650000.0,30000000.0
2018-02-13,55600,55600,54300,54400,103253,1632000.0,30000000.0
2018-02-14,54400,55600,54400,54600,84851,1638000.0,30000000.0
2018-02-19,55900,58300,55200,58000,239816,1740000.0,30000000.0
2018-02-20,58000,58400,57300,57600,80453,1728000.0,30000000.0
2018-02-21,57600,59100,57100,58200,147240,1746000.0,30000000.0
2018-02-22,58200,58300,57000,57200,74896,1716000.0,30000000.0
2018-02-23,57900,58100,57100,57800,65680,1734000.0,30000000.0
2018-02-26,57300,58100,56800,57100,75330,1713000.0,30000000.0
2018-02-27,57100,58100,56800,56900,42929,1707000.0,30000000.0
2018-02-28,56500,56900,55800,55800,75464,1674000.0,30000000.0
2018-03-02,54900,55500,54400,54900,65365,1647000.0,30000000.0
2018-03-05,54400,55500,54300,54500,51570,1635000.0,30000000.0
2018-03-06,54900,55400,54700,54900,56035,1647000.0,30000000.0
2018-03-07,55600,55600,54100,54100,68781,1623000.0,30000000.0
2018-03-08,54300,56000,54200,55900,84211,1677000.0,30000000.0
2018-03-09,55800,57800,55700,56700,98267,1701000.0,30000000.0
2018-03-12,58200,60100,58100,60000,221172,1800000.0,30000000.0
2018-03-13,59300,61700,58500,61100,192968,1833000.0,30000000.0
2018-03-14,61100,62300,60600,62100,139331,1863000.0,30000000.0
2018-03-15,62100,64400,61100,64000,155142,1920000.0,30000000.0
2018-03-16,64800,65800,63700,64800,162226,1944000.0,30000000.0
2018-03-19,64500,65900,63600,65200,106444,1956000.0,30000000.0
2018-03-20,64200,65000,63000,63000,191075,1890000.0,30000000.0
2018-03-21,62800,64700,62300,63700,95445,1911000.0,30000000.0
2018-03-22,63300,64300,62500,62600,66431,1878000.0,30000000.0
2018-03-23,60400,61600,59500,60500,132673,1815000.0,30000000.0
2018-03-26,60200,62300,59400,61700,79748,1851000.0,30000000.0
2018-03-27,61900,62400,61300,61400,56430,1842000.0,30000000.0
2018-03-28,60700,62000,60700,61300,41187,1839000.0,30000000.0
2018-03-29,61000,61600,60100,61300,45227,1839000.0,30000000.0
2018-03-30,62100,62400,61000,61400,41581,1842000.0,30000000.0
2018-04-02,60900,61000,58700,59000,93341,1770000.0,30000000.0
2018-04-03,59500,60700,58400,58700,95720,1761000.0,30000000.0
2018-04-04,58500,59400,56300,57400,127341,1722000.0,30000000.0
2018-04-05,57700,59000,57500,58500,57790,1755000.0,30000000.0
2018-04-06,58100,58800,57600,58500,37467,1755000.0,30000000.0
2018-04-09,58000,58600,57100,58300,84485,1749000.0,30000000.0
2018-04-10,57800,61000,57500,60500,117346,1815000.0,30000000.0
2018-04-11,59700,60800,59300,60400,75439,1812000.0,30000000.0
2018-04-12,60100,60900,59500,60500,58272,1815000.0,30000000.0
2018-04-13,60200,60900,60100,60200,59608,1806000.0,30000000.0
2018-04-16,60800,61500,60200,61200,49552,1836000.0,30000000.0
2018-04-17,61700,64400,61400,63400,122373,1902000.0,30000000.0
2018-04-18,63800,65000,62800,63900,110687,1917000.0,30000000.0
2018-04-19,63600,67700,63500,65500,214530,1965000.0,30000000.0
2018-04-20,68000,69800,67000,67000,344617,2010000.0,30000000.0
2018-04-23,69800,73500,68600,69100,569520,2073000.0,30000000.0
2018-04-24,70300,70500,66900,67200,186809,2016000.0,30000000.0
2018-04-25,67000,68600,66100,67100,97056,2013000.0,30000000.0
2018-04-26,67100,69800,66000,67100,214827,2013000.0,30000000.0
2018-04-27,67400,69900,65400,65400,193453,1962000.0,30000000.0
2018-04-30,66200,69600,66200,68600,352677,2058000.0,30000000.0
2018-05-02,71000,78400,70500,78000,768725,2340000.0,30000000.0
2018-05-03,76900,77000,72600,72700,344538,2181000.0,30000000.0
2018-05-04,72200,75700,72100,74300,254808,2229000.0,30000000.0
2018-05-08,74300,74700,69600,70100,267436,2103000.0,30000000.0
2018-05-09,70700,71000,67800,69400,253247,2082000.0,30000000.0
2018-05-10,70900,75900,70900,74900,354997,2247000.0,30000000.0
2018-05-11,74900,77400,73700,76800,239973,2304000.0,30000000.0
2018-05-14,77900,82000,77700,80600,409956,2418000.0,30000000.0
2018-05-15,80300,81600,78400,80000,178930,2400000.0,30000000.0
2018-05-16,76600,80600,76500,77500,274999,2325000.0,30000000.0
2018-05-17,77200,79800,77200,78000,172059,2340000.0,30000000.0
2018-05-18,77600,79600,76100,79300,89817,2379000.0,30000000.0
2018-05-21,78700,79200,77000,77800,102298,2334000.0,30000000.0
2018-05-23,76100,78200,74100,77700,131477,2331000.0,30000000.0
2018-05-24,78900,78900,75600,77600,78616,2328000.0,30000000.0
2018-05-25,73800,75800,72000,73400,342505,2202000.0,30000000.0
2018-05-28,78400,82700,78200,80700,408835,2421000.0,30000000.0
2018-05-29,80700,80700,76100,76300,202445,2289000.0,30000000.0
2018-05-30,76900,78300,74400,75900,127049,2277000.0,30000000.0
2018-05-31,77100,78300,76000,77200,140161,2316000.0,30000000.0
2018-06-01,77500,78000,75200,75500,145061,2265000.0,30000000.0
2018-06-04,76500,76700,75200,75900,76521,2277000.0,30000000.0
2018-06-05,75200,76500,73200,75300,171088,2259000.0,30000000.0
2018-06-07,75100,76700,74200,76000,106379,2280000.0,30000000.0
2018-06-08,76300,77000,74000,75800,108001,2274000.0,30000000.0
2018-06-11,76700,78400,75900,78000,123555,2340000.0,30000000.0
2018-06-12,78400,80600,76700,79400,225922,2382000.0,30000000.0
2018-06-14,78800,79200,75200,75400,158490,2262000.0,30000000.0
2018-06-15,76400,76800,74600,75100,84545,2253000.0,30000000.0
2018-06-18,75300,75500,71400,72800,89533,2184000.0,30000000.0
2018-06-19,73500,75400,72000,72200,69838,2166000.0,30000000.0
2018-06-20,72200,76400,71200,76100,148947,2283000.0,30000000.0
2018-06-21,75300,76200,73500,73900,93160,2217000.0,30000000.0
2018-06-22,73200,77500,72500,76300,129609,2289000.0,30000000.0
2018-06-25,76300,76800,75300,76600,44288,2298000.0,30000000.0
2018-06-26,75100,76200,73300,74400,97100,2232000.0,30000000.0
2018-06-27,74500,74500,71500,72300,119034,2169000.0,30000000.0
2018-06-28,72200,72800,69800,70600,101952,2118000.0,30000000.0
2018-06-29,71500,71800,68500,70500,105850,2115000.0,30000000.0
2018-07-02,70200,71000,67800,67800,115004,2034000.0,30000000.0
2018-07-03,68200,70900,67900,69300,105661,2079000.0,30000000.0
2018-07-04,68500,72900,68300,71200,111738,2136000.0,30000000.0
2018-07-05,71100,71200,68800,70300,88429,2109000.0,30000000.0
2018-07-06,70000,72900,70000,72700,81235,2181000.0,30000000.0
2018-07-09,72000,72400,70000,71000,96082,2130000.0,30000000.0
2018-07-10,71100,73400,71100,71600,71468,2148000.0,30000000.0
2018-07-11,70400,72900,70400,72400,52827,2172000.0,30000000.0
2018-07-12,72700,75600,71500,74700,158428,2241000.0,30000000.0
2018-07-13,74700,75500,73100,75000,112463,2250000.0,30000000.0
2018-07-16,74700,75400,72500,73700,92454,2211000.0,30000000.0
2018-07-17,75100,77700,75000,77100,231920,2313000.0,30000000.0
2018-07-18,78000,78700,76600,77200,104040,2316000.0,30000000.0
2018-07-19,77400,79000,77100,78000,105298,2340000.0,30000000.0
2018-07-20,78000,78500,76000,77100,100243,2313000.0,30000000.0
2018-07-23,77500,78500,75500,76600,104178,2298000.0,30000000.0
2018-07-24,77800,77800,75800,77400,109440,2322000.0,30000000.0
2018-07-25,77400,79000,76500,79000,118387,2370000.0,30000000.0
2018-07-26,78700,79800,76500,76800,166309,2304000.0,30000000.0
2018-07-27,77000,77200,71600,72800,394065,2184000.0,30000000.0
2018-07-30,72900,72900,71200,71700,153889,2151000.0,30000000.0
2018-07-31,71800,73600,71800,72500,117298,2175000.0,30000000.0
2018-08-01,72800,73800,72200,73400,79509,2202000.0,30000000.0
2018-08-02,73300,74200,72500,72700,73239,2181000.0,30000000.0
2018-08-03,72700,74300,72700,74200,84434,2226000.0,30000000.0
2018-08-06,74100,74400,71200,71200,102712,2136000.0,30000000.0
2018-08-07,71600,71700,69600,70900,114072,2127000.0,30000000.0
2018-08-08,71300,71700,70200,71100,96364,2133000.0,30000000.0
2018-08-09,70900,71700,70600,71100,60594,2133000.0,30000000.0
2018-08-10,71600,71900,71000,71500,73105,2145000.0,30000000.0
2018-08-13,71000,71200,68600,69000,91387,2070000.0,30000000.0
2018-08-14,68800,70900,68700,70800,71409,2124000.0,30000000.0
2018-08-16,71000,71000,68900,70000,63188,2100000.0,30000000.0
2018-08-17,70300,70400,69600,69900,52391,2097000.0,30000000.0
2018-08-20,70500,71500,69400,71300,93792,2139000.0,30000000.0
2018-08-21,70800,71500,70300,70400,100855,2112000.0,30000000.0
2018-08-22,70500,70500,69000,69300,75311,2079000.0,30000000.0
2018-08-23,69700,70700,68800,70400,130167,2112000.0,30000000.0
2018-08-24,70100,71600,70100,71200,87268,2136000.0,30000000.0
2018-08-27,70800,70800,69900,70000,74260,2100000.0,30000000.0
2018-08-28,70500,72700,70000,72300,119985,2169000.0,30000000.0
2018-08-29,71800,73500,71800,73000,79197,2190000.0,30000000.0
2018-08-30,73100,73100,71400,71400,83271,2142000.0,30000000.0
2018-08-31,71500,72200,70900,71600,63801,2148000.0,30000000.0
2018-09-03,71600,72200,70900,70900,40670,2127000.0,30000000.0
2018-09-04,70900,74300,70500,73700,148877,2211000.0,30000000.0
2018-09-05,73800,77900,73800,75600,257703,2268000.0,30000000.0
2018-09-06,76200,77600,75600,76000,112895,2280000.0,30000000.0
2018-09-07,76900,77600,75600,77000,81426,2310000.0,30000000.0
2018-09-10,76200,78300,76000,78100,101835,2343000.0,30000000.0
2018-09-11,77800,78300,77300,77900,58754,2337000.0,30000000.0
2018-09-12,78400,78600,76600,78600,65748,2358000.0,30000000.0
2018-09-13,78500,79500,77900,79000,105283,2370000.0,30000000.0
2018-09-14,79600,79900,77700,78300,93931,2349000.0,30000000.0
2018-09-17,77900,78700,77300,77700,73488,2331000.0,30000000.0
2018-09-18,77000,77700,76200,77200,74311,2316000.0,30000000.0
2018-09-19,77300,78400,76500,77000,61851,2310000.0,30000000.0
2018-09-20,76800,77700,75400,76700,81892,2301000.0,30000000.0
2018-09-21,77800,77900,74900,75700,105892,2271000.0,30000000.0
2018-09-27,76000,76500,74500,74600,86175,2238000.0,30000000.0
2018-09-28,74600,75700,74100,74600,114315,2238000.0,30000000.0
2018-10-01,74600,74700,72900,73000,74919,2190000.0,30000000.0
2018-10-02,72800,72900,70700,70800,129454,2124000.0,30000000.0
2018-10-04,71200,71600,70400,71500,87792,2145000.0,30000000.0
2018-10-05,71600,71600,69500,70800,84783,2124000.0,30000000.0
2018-10-08,70300,70600,67400,67900,133715,2037000.0,30000000.0
2018-10-10,67700,69000,64800,65200,157269,1956000.0,30000000.0
2018-10-11,62300,64500,62300,62700,116267,1881000.0,30000000.0
2018-10-12,62700,64600,62700,63700,90520,1911000.0,30000000.0
2018-10-15,63700,64500,61800,62100,78808,1863000.0,30000000.0
2018-10-16,62600,64700,62600,64100,85272,1923000.0,30000000.0
2018-10-17,65300,65300,63200,63400,44781,1902000.0,30000000.0
2018-10-18,63600,63600,61200,61600,91732,1848000.0,30000000.0
2018-10-19,61200,61900,60100,61500,76916,1845000.0,30000000.0
2018-10-22,61600,61700,59900,60800,105759,1824000.0,30000000.0
2018-10-23,60800,61100,58500,59100,99176,1773000.0,30000000.0
2018-10-24,59700,60200,58700,59500,89841,1785000.0,30000000.0
2018-10-25,58200,61900,56400,60900,132332,1827000.0,30000000.0
2018-10-26,60200,60400,57300,59600,173992,1788000.0,30000000.0
2018-10-29,58500,60000,49900,49950,537235,1498500.0,30000000.0
2018-10-30,48200,49950,45850,48550,506498,1456500.0,30000000.0
2018-10-31,48800,49800,47150,49150,219059,1474500.0,30000000.0
2018-11-01,49300,52200,49300,50900,231977,1527000.0,30000000.0
2018-11-02,52100,53900,51700,53200,198450,1596000.0,30000000.0
2018-11-05,53300,53300,50000,50700,209527,1521000.0,30000000.0
2018-11-06,51200,51400,50100,50700,141043,1521000.0,30000000.0
2018-11-07,51100,51800,48400,48650,200609,1459500.0,30000000.0
2018-11-08,49650,50300,48850,49050,218529,1471500.0,30000000.0
2018-11-09,49300,49500,48550,48750,116503,1462500.0,30000000.0
2018-11-12,48600,48950,47000,47400,138822,1422000.0,30000000.0
2018-11-13,46550,47100,45350,47100,166626,1413000.0,30000000.0
2018-11-14,47250,49250,47250,48650,156644,1459500.0,30000000.0
2018-11-15,48650,49200,47850,49100,116964,1473000.0,30000000.0
2018-11-16,49400,49950,48800,49700,120046,1491000.0,30000000.0
2018-11-19,49950,51400,49800,51300,190233,1539000.0,30000000.0
2018-11-20,50500,51000,48650,49200,183173,1476000.0,30000000.0
2018-11-21,48450,49700,47950,49450,81144,1483500.0,30000000.0
2018-11-22,49250,50100,48900,49850,80006,1495500.0,30000000.0
2018-11-23,49800,51100,49800,50300,108175,1509000.0,30000000.0
2018-11-26,51400,51800,50800,51200,96611,1536000.0,30000000.0
2018-11-27,51200,51300,50000,50000,146495,1500000.0,30000000.0
2018-11-28,50300,51500,50000,51200,93365,1536000.0,30000000.0
2018-11-29,51800,52000,50900,51100,56687,1533000.0,30000000.0
2018-11-30,51100,51800,50000,51700,137650,1551000.0,30000000.0
2018-12-03,52100,52700,51900,52200,144559,1566000.0,30000000.0
2018-12-04,51700,52700,51500,51700,136421,1551000.0,30000000.0
2018-12-05,50800,52200,50600,51800,103439,1554000.0,30000000.0
2018-12-06,52200,52300,50900,51400,94476,1542000.0,30000000.0
2018-12-07,51800,53900,51500,53600,126946,1608000.0,30000000.0
2018-12-10,52400,52400,50300,50800,113550,1524000.0,30000000.0
2018-12-11,50800,51200,49100,50100,113619,1503000.0,30000000.0
2018-12-12,50700,51500,50200,51000,68113,1530000.0,30000000.0
2018-12-13,51100,51800,50700,51300,108247,1539000.0,30000000.0
2018-12-14,51300,52200,51200,51800,83554,1554000.0,30000000.0
2018-12-17,52000,52400,51000,51300,70921,1539000.0,30000000.0
2018-12-18,50900,51500,50500,50800,55828,1524000.0,30000000.0
2018-12-19,50800,50900,49500,49550,130258,1486500.0,30000000.0
2018-12-20,49200,49500,48150,48650,94251,1459500.0,30000000.0
2018-12-21,48250,49500,48250,49200,52895,1476000.0,30000000.0
2018-12-24,49300,49600,48500,49450,41751,1483500.0,30000000.0
2018-12-26,48550,49100,48250,48650,72746,1459500.0,30000000.0
2018-12-27,48350,49600,48250,49350,65331,1480500.0,30000000.0
2018-12-28,48900,50300,48900,49000,74668,1470000.0,30000000.0
2019-01-02,49150,49450,47350,47400,77674,1422000.0,30000000.0
2019-01-03,47250,48000,45700,45700,144133,1371000.0,30000000.0
2019-01-04,45300,46600,44850,46250,106996,1387500.0,30000000.0
2019-01-07,46550,48550,46550,48250,119444,1447500.0,30000000.0
2019-01-08,48500,48600,47650,47650,53214,1429500.0,30000000.0
2019-01-09,47650,50600,47650,49800,131528,1494000.0,30000000.0
2019-01-10,49900,52000,49900,51500,135788,1545000.0,30000000.0
2019-01-11,51400,52100,51100,51400,86853,1542000.0,30000000.0
2019-01-14,51500,51800,50500,51100,62878,1533000.0,30000000.0
2019-01-15,51400,51600,50700,51300,83337,1539000.0,30000000.0
2019-01-16,51500,53400,51500,52800,132847,1584000.0,30000000.0
2019-01-17,53000,53500,52600,52900,99531,1587000.0,30000000.0
2019-01-18,53500,54200,52300,53700,111758,1611000.0,30000000.0
2019-01-21,54500,55000,53500,54000,104926,1620000.0,30000000.0
2019-01-22,54000,54100,52000,52200,118050,1566000.0,30000000.0
2019-01-23,51800,52800,51200,51900,114770,1557000.0,30000000.0
2019-01-24,51500,52000,51200,51600,61876,1548000.0,30000000.0
2019-01-25,51600,53400,51500,53200,121590,1596000.0,30000000.0
2019-01-28,53100,53500,52600,52900,65824,1587000.0,30000000.0
2019-01-29,52600,52800,51700,52200,88765,1566000.0,30000000.0
2019-01-30,52900,53400,52300,53100,113833,1593000.0,30000000.0
2019-01-31,53500,53700,52100,52400,96220,1572000.0,30000000.0
2019-02-01,52800,53400,52400,52800,100302,1584000.0,30000000.0
2019-02-07,53500,53800,52000,52300,144998,1569000.0,30000000.0
2019-02-08,52000,52600,50700,51200,142716,1536000.0,30000000.0
2019-02-11,51700,51700,50500,50600,103018,1518000.0,30000000.0
2019-02-12,50700,51700,50700,51100,87087,1533000.0,30000000.0
2019-02-13,51100,51500,51000,51400,74445,1542000.0,30000000.0
2019-02-14,51100,51700,50700,51700,117668,1551000.0,30000000.0
2019-02-15,51500,52000,50800,51400,68024,1542000.0,30000000.0
2019-02-18,51700,51900,50900,51800,124619,1554000.0,30000000.0
2019-02-19,51900,52700,51500,52400,130522,1572000.0,30000000.0
2019-02-20,52800,55300,52700,54900,289427,1647000.0,30000000.0
2019-02-21,55600,55600,54100,54500,131577,1635000.0,30000000.0
2019-02-22,54600,54600,53600,54000,75625,1620000.0,30000000.0
2019-02-25,54000,54600,53600,54100,88457,1623000.0,30000000.0
2019-02-26,53800,55300,53800,54100,122879,1623000.0,30000000.0
2019-02-27,54300,55100,53700,54900,116187,1647000.0,30000000.0
2019-02-28,55000,56000,53000,53000,248236,1590000.0,30000000.0
2019-03-04,53300,53900,52600,52700,160146,1581000.0,30000000.0
2019-03-05,52500,52600,51300,51900,139911,1557000.0,30000000.0
2019-03-06,52300,52300,51300,51400,108159,1542000.0,30000000.0
2019-03-07,51300,51300,49800,50100,197396,1503000.0,30000000.0
2019-03-08,49900,50000,49300,49600,92069,1488000.0,30000000.0
2019-03-11,49200,49200,47900,48300,153081,1449000.0,30000000.0
2019-03-12,48400,49200,48150,48550,114724,1456500.0,30000000.0
2019-03-13,48550,49100,48000,48850,102899,1465500.0,30000000.0
2019-03-14,49200,49300,48700,49100,114378,1473000.0,30000000.0
2019-03-15,49250,49850,48800,49200,114349,1476000.0,30000000.0
2019-03-18,49750,49750,49200,49600,68223,1488000.0,30000000.0
2019-03-19,49450,49500,49000,49100,70296,1473000.0,30000000.0
2019-03-20,48850,49000,48050,48550,109839,1456500.0,30000000.0
2019-03-21,48200,49000,48050,48050,103311,1441500.0,30000000.0
2019-03-22,48050,48500,47500,47550,110154,1426500.0,30000000.0
2019-03-25,47250,47600,46800,47000,62873,1410000.0,30000000.0
2019-03-26,46800,47800,46800,47250,80345,1417500.0,30000000.0
2019-03-27,47300,48050,47150,47650,55033,1429500.0,30000000.0
2019-03-28,47500,47900,47200,47450,91198,1423500.0,30000000.0
2019-03-29,47450,47950,47150,47500,80870,1425000.0,30000000.0
2019-04-01,47500,48850,47400,48650,93354,1459500.0,30000000.0
2019-04-02,48800,49050,48450,48750,54706,1462500.0,30000000.0
2019-04-03,48450,49450,48400,49400,74206,1482000.0,30000000.0
2019-04-04,49550,50300,49300,50100,106372,1503000.0,30000000.0
2019-04-05,50100,50100,49500,49900,75633,1497000.0,30000000.0
2019-04-08,49900,50200,49450,49750,63071,1492500.0,30000000.0
2019-04-09,49900,50100,49400,49700,77867,1491000.0,30000000.0
2019-04-10,49500,49900,49200,49750,59364,1492500.0,30000000.0
2019-04-11,49850,50200,49750,50100,91596,1503000.0,30000000.0
2019-04-12,49950,50100,49000,49050,97091,1471500.0,30000000.0
2019-04-15,49150,49700,49150,49150,70876,1474500.0,30000000.0
2019-04-16,49000,49150,48500,48600,107942,1458000.0,30000000.0
2019-04-17,48700,49000,48550,48650,88774,1459500.0,30000000.0
2019-04-18,48450,48900,48350,48350,85726,1450500.0,30000000.0
2019-04-19,48200,48600,48200,48300,44058,1449000.0,30000000.0
2019-04-22,48400,48800,47950,48750,49568,1462500.0,30000000.0
2019-04-23,48900,49100,48600,48850,63571,1465500.0,30000000.0
2019-04-24,49200,49700,48950,49050,77143,1471500.0,30000000.0
2019-04-25,49150,49450,48650,49300,81209,1479000.0,30000000.0
2019-04-26,49300,49300,47700,48150,116726,1444500.0,30000000.0
2019-04-29,48200,49500,48050,49500,72885,1485000.0,30000000.0
2019-04-30,48800,49300,47900,48100,156606,1443000.0,30000000.0
2019-05-02,47850,48850,47600,48850,112376,1465500.0,30000000.0
2019-05-03,48700,49250,48600,48650,78091,1459500.0,30000000.0
2019-05-07,47750,48150,47050,47300,156881,1419000.0,30000000.0
2019-05-08,47050,48250,46750,47700,114765,1431000.0,30000000.0
2019-05-09,47550,47550,45800,45800,148339,1374000.0,30000000.0
2019-05-10,46500,46600,45450,46000,59763,1380000.0,30000000.0
2019-05-13,46000,46950,44900,45250,69742,1357500.0,30000000.0
2019-05-14,44500,45600,44500,45050,58441,1351500.0,30000000.0
2019-05-15,45150,46350,44600,46000,65979,1380000.0,30000000.0
2019-05-16,46400,46600,45500,45950,61602,1378500.0,30000000.0
2019-05-17,46500,46500,45100,45500,42857,1365000.0,30000000.0
2019-05-20,45750,45750,44800,44900,34590,1347000.0,30000000.0
2019-05-21,44800,45300,44600,44700,62480,1341000.0,30000000.0
2019-05-22,44600,45250,44550,45100,31859,1353000.0,30000000.0
2019-05-23,44800,45100,44400,44850,62669,1345500.0,30000000.0
2019-05-24,44850,45200,44200,44400,34729,1332000.0,30000000.0
2019-05-27,44100,46400,43850,46200,87820,1386000.0,30000000.0
2019-05-28,46500,48200,46000,48050,135181,1441500.0,30000000.0
2019-05-29,48200,48250,47150,47150,102704,1414500.0,30000000.0
2019-05-30,47200,49500,47150,48850,221931,1465500.0,30000000.0
2019-05-31,48600,49200,48100,48450,68899,1453500.0,30000000.0
2019-06-03,47750,49050,47450,48650,79296,1459500.0,30000000.0
2019-06-04,49000,49650,47750,47950,87673,1438500.0,30000000.0
2019-06-05,48600,49650,48300,49150,133576,1474500.0,30000000.0
2019-06-07,49550,49650,48850,49000,61493,1470000.0,30000000.0
2019-06-10,49250,49300,48600,48900,72719,1467000.0,30000000.0
2019-06-11,49300,49300,48650,48700,44803,1461000.0,30000000.0
2019-06-12,48500,49250,48200,48250,62897,1447500.0,30000000.0
2019-06-13,47950,48850,47600,48500,61249,1455000.0,30000000.0
2019-06-14,48300,48550,47300,47650,67701,1429500.0,30000000.0
2019-06-17,47650,47900,47200,47350,55367,1420500.0,30000000.0
2019-06-18,47400,48800,47400,48600,90881,1458000.0,30000000.0
2019-06-19,48800,50500,48700,49750,162096,1492500.0,30000000.0
2019-06-20,49850,50200,49200,49550,88722,1486500.0,30000000.0
2019-06-21,49500,50600,49500,50000,146007,1500000.0,30000000.0
2019-06-24,50500,50900,50100,50400,96095,1512000.0,30000000.0
2019-06-25,50500,50700,50000,50100,66273,1503000.0,30000000.0
2019-06-26,49800,50500,49400,50100,75912,1503000.0,30000000.0
2019-06-27,50300,50600,49750,50500,79196,1515000.0,30000000.0
2019-06-28,49950,50800,49100,50500,87117,1515000.0,30000000.0
2019-07-01,51000,52000,51000,51500,103233,1545000.0,30000000.0
2019-07-02,51200,51500,50500,50800,72826,1524000.0,30000000.0
2019-07-03,50800,51000,49850,50200,52554,1506000.0,30000000.0
2019-07-04,50800,50800,49600,50600,27721,1518000.0,30000000.0
2019-07-05,50400,51000,49750,50300,22265,1509000.0,30000000.0
2019-07-08,50100,50100,48400,48600,69352,1458000.0,30000000.0
2019-07-09,48400,49100,48100,48100,35244,1443000.0,30000000.0
2019-07-10,48100,48500,47700,47850,52514,1435500.0,30000000.0
2019-07-11,47950,49350,47950,49200,52365,1476000.0,30000000.0
2019-07-12,49050,49200,48300,48650,54011,1459500.0,30000000.0
2019-07-15,48550,48950,47550,48050,54422,1441500.0,30000000.0
2019-07-16,48250,48800,47550,48000,60819,1440000.0,30000000.0
2019-07-17,47750,48150,47050,47200,41838,1416000.0,30000000.0
2019-07-18,47050,48450,47000,48150,65465,1444500.0,30000000.0
2019-07-19,47800,48650,47800,48500,43695,1455000.0,30000000.0
2019-07-22,49000,49000,47650,48300,74793,1449000.0,30000000.0
2019-07-23,48000,48100,47250,47550,73960,1426500.0,30000000.0
2019-07-24,47500,47750,47000,47050,43613,1411500.0,30000000.0
2019-07-25,47000,47000,45900,46100,49208,1383000.0,30000000.0
2019-07-26,46100,46650,45550,45650,44449,1369500.0,30000000.0
2019-07-29,45650,45850,44700,45200,50355,1356000.0,30000000.0
2019-07-30,45200,47050,45150,46450,46497,1393500.0,30000000.0
2019-07-31,46450,46950,45500,46200,34389,1386000.0,30000000.0
2019-08-01,45600,46700,45250,46150,45758,1384500.0,30000000.0
2019-08-02,45750,46400,44950,45700,63682,1371000.0,30000000.0
2019-08-05,45300,46500,44300,44600,73443,1338000.0,30000000.0
2019-08-06,43950,44600,42750,43100,118251,1293000.0,30000000.0
2019-08-07,42400,43350,42400,43100,64605,1293000.0,30000000.0
2019-08-08,43600,43850,43100,43550,68214,1306500.0,30000000.0
2019-08-09,44000,44700,43550,43750,42119,1312500.0,30000000.0
2019-08-12,43500,44300,43500,43800,28232,1314000.0,30000000.0
2019-08-13,43800,43800,43000,43300,35723,1299000.0,30000000.0
2019-08-14,43400,44700,43150,44450,80795,1333500.0,30000000.0
2019-08-16,43500,44000,43200,43350,32694,1300500.0,30000000.0
2019-08-19,43150,45550,43150,45500,51665,1365000.0,30000000.0
2019-08-20,45500,45900,44900,45800,37301,1374000.0,30000000.0
2019-08-21,45800,47250,45350,45900,34549,1377000.0,30000000.0
2019-08-22,45650,45800,44950,45200,38641,1356000.0,30000000.0
2019-08-23,45000,45000,44000,44450,79522,1333500.0,30000000.0
2019-08-26,43550,44500,43300,44400,38791,1332000.0,30000000.0
2019-08-27,44050,45050,43700,43750,30824,1312500.0,30000000.0
2019-08-28,44200,44850,43550,44650,47209,1339500.0,30000000.0
2019-08-29,44700,45300,44300,44900,31902,1347000.0,30000000.0
2019-08-30,45000,46300,44950,45950,77729,1378500.0,30000000.0
2019-09-02,45500,45900,45150,45150,31822,1354500.0,30000000.0
2019-09-03,45150,46200,45050,45950,53714,1378500.0,30000000.0
2019-09-04,45600,46450,45600,46350,34576,1390500.0,30000000.0
2019-09-05,45950,46600,45950,46000,73374,1380000.0,30000000.0
2019-09-06,45850,46500,45850,46200,30661,1386000.0,30000000.0
2019-09-09,45900,47650,45900,46800,73063,1404000.0,30000000.0
2019-09-10,46300,47350,46300,47350,61895,1420500.0,30000000.0
2019-09-11,47550,47900,47050,47650,60544,1429500.0,30000000.0
2019-09-16,48200,49150,47750,49000,93774,1470000.0,30000000.0
2019-09-17,49000,49050,48100,48350,54495,1450500.0,30000000.0
2019-09-18,47850,48300,47500,47500,36015,1425000.0,30000000.0
2019-09-19,47500,48250,47450,48100,32762,1443000.0,30000000.0
2019-09-20,48100,48600,47600,48600,28657,1458000.0,30000000.0
2019-09-23,48600,48800,47900,48150,25960,1444500.0,30000000.0
2019-09-24,48400,48400,47450,48100,52887,1443000.0,30000000.0
2019-09-25,47500,48400,46850,46900,51781,1407000.0,30000000.0
2019-09-26,46950,47950,46950,47350,35289,1420500.0,30000000.0
2019-09-27,47950,47950,47000,47650,34388,1429500.0,30000000.0
2019-09-30,47650,48300,47250,48150,30319,1444500.0,30000000.0
2019-10-01,48350,48750,47800,48500,33904,1455000.0,30000000.0
2019-10-02,48000,48650,47900,48350,32467,1450500.0,30000000.0
2019-10-04,48000,48900,47950,48500,39866,1455000.0,30000000.0
2019-10-07,49100,49100,48100,48300,32696,1449000.0,30000000.0
