모베이스(101330),시가,고가,저가,종가,거래량,시가총액(백만),상장주식수(주)
2010-02-04,4281,4659,3639,3754,4192096,89400.0,6000000.0
2010-02-05,3487,3777,3374,3678,665051,87600.0,6000000.0
2010-02-08,3827,3852,3273,3288,534720,78300.0,6000000.0
2010-02-09,3248,3349,2971,3149,474130,75000.0,6000000.0
2010-02-10,3223,3285,3059,3086,358516,73500.0,6000000.0
2010-02-11,3122,3236,2971,3048,286266,72600.0,6000000.0
2010-02-12,3135,3449,3046,3326,828944,79200.0,6000000.0
2010-02-16,3299,3323,3198,3237,179257,77100.0,6000000.0
2010-02-17,3323,3462,3323,3326,382273,79200.0,6000000.0
2010-02-18,3374,3765,3349,3653,853021,87000.0,6000000.0
2010-02-19,3588,3765,3563,3703,569435,88200.0,6000000.0
2010-02-22,3790,3827,3650,3829,278494,91200.0,6000000.0
2010-02-23,3967,4003,3751,3754,632098,89400.0,6000000.0
2010-02-24,3751,4003,3702,3981,437856,94800.0,6000000.0
2010-02-25,4079,4104,3878,3879,438457,92400.0,6000000.0
2010-02-26,3928,3992,3827,3829,145108,91200.0,6000000.0
2010-03-02,3916,4003,3827,3942,235705,93900.0,6000000.0
2010-03-03,3941,3978,3777,3792,131996,90300.0,6000000.0
2010-03-04,3802,3827,3525,3628,304358,86400.0,6000000.0
2010-03-05,3664,3751,3613,3728,123827,88800.0,6000000.0
2010-03-08,3802,3865,3650,3842,156609,91500.0,6000000.0
2010-03-09,3841,3891,3765,3893,160204,92700.0,6000000.0
2010-03-10,3891,4028,3841,4031,229703,96000.0,6000000.0
2010-03-11,4079,4180,3978,4006,302672,95400.0,6000000.0
2010-03-12,4003,4067,3941,4068,109278,96900.0,6000000.0
2010-03-15,4067,4218,4028,4094,221505,97500.0,6000000.0
2010-03-16,4104,4104,3978,4082,142830,97200.0,6000000.0
2010-03-17,4079,4079,3967,3968,90134,94500.0,6000000.0
2010-03-18,3941,4003,3902,3942,143378,93900.0,6000000.0
2010-03-19,3941,4344,3928,4245,365888,101100.0,6000000.0
2010-03-22,4243,4470,4142,4421,366846,105300.0,6000000.0
2010-03-23,4458,4570,4331,4408,404592,105000.0,6000000.0
2010-03-24,4419,4646,4331,4648,392744,110700.0,6000000.0
2010-03-25,4608,4784,4533,4598,217919,109500.0,6000000.0
2010-03-26,4570,4709,4482,4484,116673,106800.0,6000000.0
2010-03-29,4470,4784,4406,4786,270535,114000.0,6000000.0
2010-03-30,4885,4935,4722,4837,212491,115200.0,6000000.0
2010-03-31,4835,5162,4810,4938,257835,117600.0,6000000.0
2010-04-01,4910,5150,4570,4686,347610,111600.0,6000000.0
2010-04-02,4760,4810,4394,4396,247914,104700.0,6000000.0
2010-04-05,4482,4545,4205,4534,188840,108000.0,6000000.0
2010-04-06,4533,4545,4394,4408,91480,105000.0,6000000.0
2010-04-07,4406,4495,4357,4497,86678,107100.0,6000000.0
2010-04-08,4495,4507,4394,4484,54235,106800.0,6000000.0
2010-04-09,4533,4722,4458,4686,162447,111600.0,6000000.0
2010-04-12,4709,4709,4331,4334,127290,103200.0,6000000.0
2010-04-13,4281,4306,4079,4144,204961,98700.0,6000000.0
2010-04-14,4205,4344,4117,4144,148472,98700.0,6000000.0
2010-04-15,4205,4205,4054,4107,91452,97800.0,6000000.0
2010-04-16,4067,4104,3941,3981,134446,94800.0,6000000.0
2010-04-19,3878,4054,3790,3792,81784,90300.0,6000000.0
2010-04-20,3841,3902,3827,3867,54376,92100.0,6000000.0
2010-04-21,3878,4104,3865,4068,102097,96900.0,6000000.0
2010-04-22,4104,4142,3978,4132,68529,98400.0,6000000.0
2010-04-23,4129,4129,3978,3981,53773,94800.0,6000000.0
2010-04-26,4016,4054,3878,3905,66208,93000.0,6000000.0
2010-04-27,3916,4142,3902,4006,103053,95400.0,6000000.0
2010-04-28,3878,4067,3852,4031,68003,96000.0,6000000.0
2010-04-29,4104,4104,3891,3893,65287,92700.0,6000000.0
2010-04-30,3916,4028,3916,3968,58772,94500.0,6000000.0
2010-05-03,4003,4054,3953,4044,38990,96300.0,6000000.0
2010-05-04,4079,4444,4079,4446,329744,105900.0,6000000.0
2010-05-06,4382,4634,4357,4510,283553,107400.0,6000000.0
2010-05-07,4357,4596,4230,4534,164211,108000.0,6000000.0
2010-05-10,4634,4634,4495,4623,130877,110100.0,6000000.0
2010-05-11,4696,4696,4394,4510,151225,107400.0,6000000.0
2010-05-12,4470,4596,4331,4334,167731,103200.0,6000000.0
2010-05-13,4054,4104,3740,3842,505179,91500.0,6000000.0
2010-05-14,3878,3953,3399,3427,306790,81600.0,6000000.0
2010-05-17,3425,3449,2920,2923,689563,69600.0,6000000.0
2010-05-18,2959,2959,2758,2935,340904,69900.0,6000000.0
2010-05-19,2895,2895,2693,2695,173423,64200.0,6000000.0
2010-05-20,2707,2858,2631,2670,237468,63600.0,6000000.0
2010-05-24,2631,2758,2606,2619,107744,62400.0,6000000.0
2010-05-25,2568,2656,2232,2295,276266,54660.0,6000000.0
2010-05-26,2351,2568,2303,2519,151031,60000.0,6000000.0
2010-05-27,2467,2543,2424,2464,126140,58680.0,6000000.0
2010-05-28,2517,2819,2517,2822,400142,67200.0,6000000.0
2010-05-31,2883,2908,2758,2847,410157,67800.0,6000000.0
2010-06-01,2819,2833,2656,2670,212060,63600.0,6000000.0
2010-06-03,2744,2858,2719,2721,229736,64800.0,6000000.0
2010-06-04,2744,2945,2732,2898,329164,69000.0,6000000.0
2010-06-07,2732,2807,2693,2759,141802,65700.0,6000000.0
2010-06-08,2819,2959,2794,2822,164376,67200.0,6000000.0
2010-06-09,2858,2895,2707,2721,124030,64800.0,6000000.0
2010-06-10,2769,2782,2606,2633,127072,62700.0,6000000.0
2010-06-11,2681,3009,2643,2910,331619,69300.0,6000000.0
2010-06-14,2959,3084,2933,2947,201278,70200.0,6000000.0
2010-06-15,2971,2983,2883,2898,69924,69000.0,6000000.0
2010-06-16,2959,3021,2883,2884,83360,68700.0,6000000.0
2010-06-17,2807,2895,2758,2809,92112,66900.0,6000000.0
2010-06-18,2845,2845,2744,2771,47203,66000.0,6000000.0
2010-06-21,2819,2858,2758,2796,46999,66600.0,6000000.0
2010-06-22,2794,2794,2669,2670,82268,63600.0,6000000.0
2010-06-23,2643,2707,2631,2633,43528,62700.0,6000000.0
2010-06-24,2643,2758,2631,2633,46228,62700.0,6000000.0
2010-06-25,2631,2669,2568,2595,48922,61800.0,6000000.0
2010-06-28,2593,2669,2593,2619,38127,62400.0,6000000.0
2010-06-29,2631,2656,2480,2493,94302,59400.0,6000000.0
2010-06-30,2452,2479,2379,2456,44392,58500.0,6000000.0
2010-07-01,2404,2555,2404,2482,33691,59100.0,6000000.0
2010-07-02,2454,2618,2454,2499,59728,59520.0,6000000.0
2010-07-05,2530,2593,2515,2557,31176,60900.0,6000000.0
2010-07-06,2530,2606,2505,2569,33737,61200.0,6000000.0
2010-07-07,2581,2833,2555,2746,148754,65400.0,6000000.0
2010-07-08,2819,2883,2719,2771,77197,66000.0,6000000.0
2010-07-09,2794,2807,2656,2759,47769,65700.0,6000000.0
2010-07-12,2732,2782,2681,2759,64657,65700.0,6000000.0
2010-07-13,2758,2758,2669,2670,37070,63600.0,6000000.0
2010-07-14,2707,2758,2618,2619,74526,62400.0,6000000.0
2010-07-15,2656,2693,2593,2645,31860,63000.0,6000000.0
2010-07-16,2669,2794,2656,2658,66586,63300.0,6000000.0
2010-07-19,2606,2656,2543,2582,48972,61500.0,6000000.0
2010-07-20,2593,2669,2543,2544,43654,60600.0,6000000.0
2010-07-21,2555,2593,2505,2533,46790,60300.0,6000000.0
2010-07-22,2530,2543,2454,2507,54956,59700.0,6000000.0
2010-07-23,2530,2530,2426,2429,48283,57840.0,6000000.0
2010-07-26,2441,2530,2424,2451,35836,58380.0,6000000.0
2010-07-27,2469,2530,2469,2517,25508,59940.0,6000000.0
2010-07-28,2495,2530,2482,2509,13556,59760.0,6000000.0
2010-07-29,2495,2517,2424,2441,21365,58140.0,6000000.0
2010-07-30,2464,2464,2373,2406,23781,57300.0,6000000.0
2010-08-02,2444,2456,2265,2338,33375,55680.0,6000000.0
2010-08-03,2347,2356,2291,2308,21804,54960.0,6000000.0
2010-08-04,2306,2306,2248,2255,32830,53700.0,6000000.0
2010-08-05,2253,2324,2253,2292,35559,54600.0,6000000.0
2010-08-06,2291,2324,2240,2255,26515,53700.0,6000000.0
2010-08-09,2246,2276,2142,2144,61166,51060.0,6000000.0
2010-08-10,2148,2175,2090,2126,53524,50640.0,6000000.0
2010-08-11,2125,2125,1989,1998,53651,47580.0,6000000.0
2010-08-12,1955,1989,1916,1922,58693,45780.0,6000000.0
2010-08-13,1973,1978,1938,1968,22993,46860.0,6000000.0
2010-08-16,1953,1955,1887,1914,48162,45600.0,6000000.0
2010-08-17,1920,1989,1920,1966,34703,46800.0,6000000.0
2010-08-18,1999,2257,1913,2260,242059,53820.0,6000000.0
2010-08-19,2230,2507,2171,2245,353640,53460.0,6000000.0
2010-08-20,2278,2568,2278,2478,544241,59040.0,6000000.0
2010-08-23,2543,2794,2543,2607,521365,62100.0,6000000.0
2010-08-24,2581,2693,2495,2633,219657,62700.0,6000000.0
2010-08-25,2744,2895,2643,2683,403552,63900.0,6000000.0
2010-08-26,2693,3072,2669,3073,1141001,73200.0,6000000.0
2010-08-27,3097,3501,3021,3338,1944661,79500.0,6000000.0
2010-08-30,3399,3588,3109,3225,1390846,76800.0,6000000.0
2010-08-31,3223,3374,2782,2973,1805443,70800.0,6000000.0
2010-09-01,2983,3046,2794,2947,1023098,70200.0,6000000.0
2010-09-02,2945,3072,2719,2796,893391,66600.0,6000000.0
2010-09-03,2794,2858,2707,2796,546827,66600.0,6000000.0
2010-09-06,2833,2908,2807,2872,412058,68400.0,6000000.0
2010-09-07,2845,2895,2732,2809,300779,66900.0,6000000.0
2010-09-08,2845,2971,2807,2859,562360,68100.0,6000000.0
2010-09-09,2870,3021,2807,2985,423758,71100.0,6000000.0
2010-09-10,2971,3223,2971,3011,904004,71700.0,6000000.0
2010-09-13,3046,3072,2656,2872,379199,68400.0,6000000.0
2010-09-14,2870,2945,2819,2884,186740,68700.0,6000000.0
2010-09-15,2933,2959,2719,2910,253960,69300.0,6000000.0
2010-09-16,2908,2983,2819,2822,199720,67200.0,6000000.0
2010-09-17,2833,3097,2794,2822,495897,67200.0,6000000.0
2010-09-20,2782,2858,2643,2645,216341,63000.0,6000000.0
2010-09-24,2669,2681,2492,2493,197498,59400.0,6000000.0
2010-09-27,2515,2515,2366,2381,182927,56700.0,6000000.0
2010-09-28,2373,2439,2313,2327,119741,55440.0,6000000.0
2010-09-29,2326,2366,2303,2331,97162,55500.0,6000000.0
2010-09-30,2326,2404,2326,2370,78892,56460.0,6000000.0
2010-10-01,2383,2419,2326,2333,76303,55560.0,6000000.0
2010-10-04,2341,2356,2221,2222,143169,52920.0,6000000.0
2010-10-05,2221,2283,2221,2257,45505,53760.0,6000000.0
2010-10-06,2276,2301,2240,2245,43068,53460.0,6000000.0
2010-10-07,2248,2280,2216,2268,54152,54000.0,6000000.0
2010-10-08,2288,2303,2248,2280,64943,54300.0,6000000.0
2010-10-11,2271,2424,2268,2361,143452,56220.0,6000000.0
2010-10-12,2361,2391,2271,2300,68801,54780.0,6000000.0
2010-10-13,2306,2333,2251,2257,60699,53760.0,6000000.0
2010-10-14,2265,2286,2230,2250,43048,53580.0,6000000.0
2010-10-15,2283,2308,2253,2268,52162,54000.0,6000000.0
2010-10-18,2276,2338,2256,2323,72714,55320.0,6000000.0
2010-10-19,2358,2373,2306,2308,65428,54960.0,6000000.0
2010-10-20,2291,2331,2262,2317,52657,55200.0,6000000.0
2010-10-21,2344,2449,2333,2429,182783,57840.0,6000000.0
2010-10-22,2434,2782,2429,2721,792580,64800.0,6000000.0
2010-10-25,2744,3059,2631,3011,761327,71700.0,6000000.0
2010-10-26,2971,3147,2920,2923,544556,69600.0,6000000.0
2010-10-27,2971,3046,2895,2935,189213,69900.0,6000000.0
2010-10-28,2971,3072,2895,2898,169034,69000.0,6000000.0
2010-10-29,2933,2971,2707,2709,202544,64500.0,6000000.0
2010-11-01,2732,2858,2719,2822,210559,67200.0,6000000.0
2010-11-02,2819,2819,2543,2557,273552,60900.0,6000000.0
2010-11-03,2606,2669,2581,2645,143079,63000.0,6000000.0
2010-11-04,2669,2693,2568,2633,86363,62700.0,6000000.0
2010-11-05,2681,2870,2669,2796,302673,66600.0,6000000.0
2010-11-08,2845,2858,2693,2721,109959,64800.0,6000000.0
2010-11-09,2732,2794,2643,2670,89449,63600.0,6000000.0
2010-11-10,2681,2769,2618,2759,94201,65700.0,6000000.0
2010-11-11,2782,2819,2656,2670,121315,63600.0,6000000.0
2010-11-12,2681,2769,2336,2464,211312,58680.0,6000000.0
2010-11-15,2424,2495,2341,2368,92120,56400.0,6000000.0
2010-11-16,2373,2394,2268,2300,65685,54780.0,6000000.0
2010-11-17,2268,2324,2223,2313,55975,55080.0,6000000.0
2010-11-18,2336,2412,2291,2414,60710,57480.0,6000000.0
2010-11-19,2402,2432,2366,2368,37018,56400.0,6000000.0
2010-11-22,2348,2409,2341,2412,44570,57420.0,6000000.0
2010-11-23,2386,2424,2306,2341,27229,55740.0,6000000.0
2010-11-24,2122,2286,2115,2242,61032,53400.0,6000000.0
2010-11-25,2295,2295,2232,2268,28190,54000.0,6000000.0
2010-11-26,2265,2301,2145,2146,46943,51120.0,6000000.0
2010-11-29,2142,2216,2119,2144,20873,51060.0,6000000.0
2010-11-30,2148,2187,2140,2144,17962,51060.0,6000000.0
2010-12-01,2165,2165,2132,2167,28559,51600.0,6000000.0
2010-12-02,2192,2237,2192,2212,29951,52680.0,6000000.0
2010-12-03,2230,2232,2182,2192,7852,52200.0,6000000.0
2010-12-06,2201,2223,2155,2169,18382,51660.0,6000000.0
2010-12-07,2160,2195,2148,2174,18582,51780.0,6000000.0
2010-12-08,2171,2202,2151,2159,13987,51420.0,6000000.0
2010-12-09,1976,2009,1870,1884,328842,44880.0,6000000.0
2010-12-10,1905,1925,1882,1902,54789,45300.0,6000000.0
2010-12-13,1892,1938,1875,1887,76860,44940.0,6000000.0
2010-12-14,1887,1928,1887,1911,44812,45480.0,6000000.0
2010-12-15,1925,1925,1882,1905,38677,45360.0,6000000.0
2010-12-16,1908,1908,1867,1880,40197,44760.0,6000000.0
2010-12-17,1875,1903,1862,1864,44471,44400.0,6000000.0
2010-12-20,1824,1842,1736,1751,53075,41700.0,6000000.0
2010-12-21,1767,1852,1767,1839,42161,43800.0,6000000.0
2010-12-22,1837,1862,1761,1826,21016,43500.0,6000000.0
2010-12-23,1801,1832,1787,1790,17343,42660.0,6000000.0
2010-12-24,1794,1812,1759,1776,32436,42300.0,6000000.0
2010-12-27,1774,1790,1754,1759,15693,41880.0,6000000.0
2010-12-28,1747,1787,1734,1746,19740,41580.0,6000000.0
2010-12-29,1744,1796,1744,1776,11667,42300.0,6000000.0
2010-12-30,1800,1999,1787,1907,117240,45420.0,6000000.0
2011-01-03,1943,1963,1891,1907,27474,45420.0,6000000.0
2011-01-04,1913,1930,1865,1897,33860,45180.0,6000000.0
2011-01-05,1880,1882,1822,1839,53044,43800.0,6000000.0
2011-01-06,1855,1855,1822,1839,27525,43800.0,6000000.0
2011-01-07,1837,1950,1829,1935,52356,46080.0,6000000.0
2011-01-10,1933,1976,1895,1935,39344,46080.0,6000000.0
2011-01-11,1925,1933,1872,1911,33338,45480.0,6000000.0
2011-01-12,1938,1938,1882,1887,18700,44940.0,6000000.0
2011-01-13,1865,1892,1842,1844,31420,43920.0,6000000.0
2011-01-14,1822,1862,1822,1861,18987,44340.0,6000000.0
2011-01-17,1875,1875,1829,1831,13373,43620.0,6000000.0
2011-01-18,1829,1850,1779,1799,18959,42840.0,6000000.0
2011-01-19,1820,1820,1767,1776,23373,42300.0,6000000.0
2011-01-20,1761,1812,1741,1746,32728,41580.0,6000000.0
2011-01-21,1741,1806,1712,1749,37810,41640.0,6000000.0
2011-01-24,1782,1782,1744,1751,6504,41700.0,6000000.0
2011-01-25,2000,2011,1968,2013,61335,47940.0,6000000.0
2011-01-26,2240,2262,2090,2123,395273,50580.0,6000000.0
2011-01-27,2148,2148,1996,2022,113822,48180.0,6000000.0
2011-01-28,2049,2110,2003,2077,100108,49440.0,6000000.0
2011-01-31,2016,2160,2016,2101,105061,50040.0,6000000.0
2011-02-01,2151,2151,2070,2101,72072,50040.0,6000000.0
2011-02-07,2066,2256,2066,2242,171452,53400.0,6000000.0
2011-02-08,2262,2301,2074,2167,101029,34440.0,6000000.0
2011-02-09,2161,2199,1999,2004,53785,31860.0,6000000.0
2011-02-10,1961,2025,1889,1895,42144,30120.0,6000000.0
2011-02-11,1863,1897,1799,1845,40713,29340.0,6000000.0
2011-02-14,1816,1858,1799,1816,23755,28860.0,6000000.0
2011-02-15,1812,1814,1753,1758,16836,27930.0,6000000.0
2011-02-16,1784,1886,1784,1812,20495,28800.0,6000000.0
2011-02-17,1853,1853,1758,1806,10541,28710.0,6000000.0
2011-02-18,1748,1856,1748,1831,8238,29100.0,6000000.0
2011-02-21,1829,1905,1765,1875,16134,29790.0,6000000.0
2011-02-22,1837,1870,1806,1835,9113,29160.0,6000000.0
2011-02-23,1756,1837,1756,1782,12661,28320.0,6000000.0
2011-02-24,1750,1870,1736,1778,13949,28260.0,6000000.0
2011-02-25,1841,1889,1761,1857,28751,29520.0,6000000.0
2011-02-28,1886,1886,1795,1812,7654,28800.0,6000000.0
2011-03-02,1738,1806,1736,1744,9371,27720.0,6000000.0
2011-03-03,1674,1674,1572,1598,118344,38115.0,9000000.0
2011-03-04,1597,1621,1567,1623,67106,38700.0,9000000.0
2011-03-07,1619,1619,1567,1574,43484,37530.0,9000000.0
2011-03-08,1578,1615,1544,1562,38515,37260.0,9000000.0
2011-03-09,1552,1586,1546,1561,33319,37215.0,9000000.0
2011-03-10,1565,1595,1552,1559,22155,37170.0,9000000.0
2011-03-11,1520,1553,1507,1510,43111,36000.0,9000000.0
2011-03-14,1464,1495,1376,1391,74273,33165.0,9000000.0
2011-03-15,1361,1395,1194,1292,51491,30780.0,9000000.0
2011-03-16,1252,1318,1252,1292,22477,30780.0,9000000.0
2011-03-17,1255,1289,1246,1292,21754,30780.0,9000000.0
2011-03-18,1289,1417,1289,1399,27598,33345.0,9000000.0
2011-03-21,1396,1432,1334,1401,20899,33390.0,9000000.0
2011-03-22,1423,1423,1281,1381,19156,32940.0,9000000.0
2011-03-23,1363,1384,1350,1381,7185,32940.0,9000000.0
2011-03-24,1380,1414,1368,1381,10854,32940.0,9000000.0
2011-03-25,1380,1401,1360,1396,14373,33300.0,9000000.0
2011-03-28,1428,1428,1384,1395,15416,33255.0,9000000.0
2011-03-29,1363,1416,1332,1359,22140,32400.0,9000000.0
2011-03-30,1325,1354,1323,1338,18971,31905.0,9000000.0
2011-03-31,1321,1342,1284,1337,56180,31860.0,9000000.0
2011-04-01,1363,1363,1315,1351,30969,32220.0,9000000.0
2011-04-04,1354,1354,1311,1319,26917,31455.0,9000000.0
2011-04-05,1320,1507,1308,1445,94348,34470.0,9000000.0
2011-04-06,1459,1459,1386,1387,29258,33075.0,9000000.0
2011-04-07,1390,1406,1341,1370,65032,32670.0,9000000.0
2011-04-08,1368,1508,1360,1438,105770,34290.0,9000000.0
2011-04-11,1471,1651,1453,1652,460809,39420.0,9000000.0
2011-04-12,1753,1867,1660,1661,949432,39600.0,9000000.0
2011-04-13,1682,1706,1563,1607,272034,38340.0,9000000.0
2011-04-14,1629,1705,1612,1644,258360,39195.0,9000000.0
2011-04-15,1678,1780,1648,1689,267509,40275.0,9000000.0
2011-04-18,1703,1715,1544,1571,147384,37440.0,9000000.0
2011-04-19,1518,1548,1463,1465,141422,34920.0,9000000.0
2011-04-20,1467,1682,1467,1627,366766,38790.0,9000000.0
2011-04-21,1697,1868,1546,1547,1110345,36900.0,9000000.0
2011-04-22,1553,1576,1497,1504,101767,35865.0,9000000.0
2011-04-25,1522,1619,1508,1586,101842,37800.0,9000000.0
2011-04-26,1610,1610,1510,1518,62985,36180.0,9000000.0
2011-04-27,1518,1538,1332,1445,107648,34470.0,9000000.0
2011-04-28,1444,1482,1414,1435,18721,34200.0,9000000.0
2011-04-29,1437,1480,1351,1396,47487,33300.0,9000000.0
2011-05-02,1366,1452,1366,1415,18297,33750.0,9000000.0
2011-05-03,1390,1410,1366,1370,25243,32670.0,9000000.0
2011-05-04,1361,1414,1350,1396,11342,33300.0,9000000.0
2011-05-06,1365,1393,1342,1357,19780,32355.0,9000000.0
2011-05-09,1357,1387,1293,1295,24524,30870.0,9000000.0
2011-05-11,1275,1280,1229,1237,75027,29475.0,9000000.0
2011-05-12,1225,1269,1178,1267,51029,30195.0,9000000.0
2011-05-13,1244,1273,1229,1264,19944,30150.0,9000000.0
2011-05-16,1263,1281,1217,1264,28747,30150.0,9000000.0
2011-05-17,1263,1284,1231,1246,16109,29700.0,9000000.0
2011-05-18,1281,1281,1223,1227,17630,29250.0,9000000.0
2011-05-19,1225,1261,1179,1182,28334,28170.0,9000000.0
2011-05-20,1182,1188,1135,1146,25483,27315.0,9000000.0
2011-05-23,1109,1233,1095,1126,28569,26820.0,9000000.0
2011-05-24,1093,1140,1093,1132,12195,27000.0,9000000.0
2011-05-25,1135,1255,1135,1151,15855,27450.0,9000000.0
2011-05-26,1153,1200,1144,1147,18446,27360.0,9000000.0
2011-05-27,1149,1176,1132,1140,14759,27180.0,9000000.0
2011-05-30,1130,1161,1109,1111,12651,26505.0,9000000.0
2011-05-31,1098,1259,1098,1189,37010,28350.0,9000000.0
2011-06-01,1191,1194,1148,1168,14221,27855.0,9000000.0
2011-06-02,1169,1169,1130,1149,9922,27405.0,9000000.0
2011-06-03,1142,1197,1130,1135,12859,27045.0,9000000.0
2011-06-07,1144,1179,1132,1141,4917,27225.0,9000000.0
2011-06-08,1121,1164,1121,1146,11393,27315.0,9000000.0
2011-06-09,1130,1159,1125,1132,5038,27000.0,9000000.0
2011-06-10,1130,1161,1104,1129,13083,26910.0,9000000.0
2011-06-13,1155,1155,1059,1093,18145,26055.0,9000000.0
2011-06-14,1076,1109,1076,1080,14197,25740.0,9000000.0
2011-06-15,1082,1130,1079,1126,13195,26865.0,9000000.0
2011-06-16,1130,1197,1097,1132,10626,27000.0,9000000.0
2011-06-17,1106,1138,1098,1138,20788,27135.0,9000000.0
2011-06-20,1112,1155,1112,1120,8840,26685.0,9000000.0
2011-06-21,1136,1237,1109,1153,49795,27495.0,9000000.0
2011-06-22,1153,1194,1119,1167,18224,27810.0,9000000.0
2011-06-23,1167,1191,1140,1141,4933,27225.0,9000000.0
2011-06-24,1144,1191,1104,1167,49187,27810.0,9000000.0
2011-06-27,1161,1164,1132,1135,15161,27045.0,9000000.0
2011-06-28,1136,1163,1136,1138,10274,27135.0,9000000.0
2011-06-29,1167,1167,1130,1151,8261,27450.0,9000000.0
2011-06-30,1172,1174,1136,1151,7848,27450.0,9000000.0
2011-07-01,1167,1169,1136,1170,29803,27900.0,9000000.0
2011-07-04,1169,1199,1152,1200,39381,28620.0,9000000.0
2011-07-05,1199,1231,1182,1202,28846,28665.0,9000000.0
2011-07-06,1208,1208,1164,1170,19240,27900.0,9000000.0
2011-07-07,1188,1188,1152,1155,16866,27540.0,9000000.0
2011-07-08,1153,1182,1148,1167,17164,27810.0,9000000.0
2011-07-11,1149,1188,1148,1168,17982,27855.0,9000000.0
2011-07-12,1182,1182,1149,1163,30788,27720.0,9000000.0
2011-07-13,1174,1217,1161,1219,34591,29070.0,9000000.0
2011-07-14,1199,1296,1199,1295,59010,30870.0,9000000.0
2011-07-15,1320,1341,1259,1297,32879,30915.0,9000000.0
2011-07-18,1318,1318,1233,1300,23364,31005.0,9000000.0
2011-07-19,1300,1314,1275,1287,19430,30690.0,9000000.0
2011-07-20,1293,1320,1259,1321,51071,31500.0,9000000.0
2011-07-21,1311,1314,1269,1311,57955,31275.0,9000000.0
2011-07-22,1384,1507,1384,1508,171942,35955.0,9000000.0
2011-07-25,1602,1695,1557,1656,524426,39465.0,9000000.0
2011-07-26,1614,1648,1556,1600,127671,38160.0,9000000.0
2011-07-27,1618,1712,1593,1607,191779,38340.0,9000000.0
2011-07-28,1593,1646,1489,1516,72848,36135.0,9000000.0
2011-07-29,1485,1557,1408,1454,97289,34650.0,9000000.0
2011-08-01,1452,1491,1414,1435,34628,34200.0,9000000.0
2011-08-02,1452,1453,1416,1425,21838,33975.0,9000000.0
2011-08-03,1414,1414,1332,1392,36280,33210.0,9000000.0
2011-08-04,1391,1414,1323,1348,38446,32130.0,9000000.0
2011-08-05,1212,1281,1149,1170,32899,27900.0,9000000.0
2011-08-08,1036,1164,992,995,81184,23715.0,9000000.0
2011-08-09,848,942,844,865,133274,20610.0,9000000.0
2011-08-10,902,968,902,930,55849,22185.0,9000000.0
2011-08-11,866,1018,849,956,45236,22815.0,9000000.0
2011-08-12,968,1097,968,987,117808,23535.0,9000000.0
2011-08-16,1022,1106,1022,1091,33230,26010.0,9000000.0
2011-08-17,1089,1149,1057,1135,55883,27045.0,9000000.0
2011-08-18,1153,1153,1082,1121,29126,26730.0,9000000.0
2011-08-19,1019,1149,1018,1041,30836,24840.0,9000000.0
2011-08-22,1127,1127,951,1050,6317,25020.0,9000000.0
2011-08-23,1022,1123,1018,1047,11400,24975.0,9000000.0
2011-08-24,1123,1123,1018,1036,8488,24705.0,9000000.0
2011-08-25,1085,1085,1035,1036,4314,24705.0,9000000.0
2011-08-26,1025,1091,1008,1030,6981,24570.0,9000000.0
2011-08-29,1031,1100,1018,1038,17051,24750.0,9000000.0
2011-08-30,1031,1047,1010,1027,23435,24480.0,9000000.0
2011-08-31,1007,1044,1007,1035,11857,24660.0,9000000.0
2011-09-01,1035,1114,1035,1065,18423,25380.0,9000000.0
2011-09-02,1059,1059,1018,1047,9691,24975.0,9000000.0
2011-09-05,1046,1059,1018,1030,10372,24570.0,9000000.0
2011-09-06,1027,1089,1018,1060,25158,25290.0,9000000.0
2011-09-07,1091,1091,1032,1072,16481,25560.0,9000000.0
2011-09-08,1042,1073,1038,1060,23316,25290.0,9000000.0
2011-09-09,1055,1085,1036,1060,9110,25290.0,9000000.0
2011-09-14,1036,1076,986,987,12816,23535.0,9000000.0
2011-09-15,1035,1035,948,962,13683,22950.0,9000000.0
2011-09-16,961,1002,951,997,10329,23760.0,9000000.0
2011-09-19,995,1007,977,991,9018,23625.0,9000000.0
2011-09-20,1031,1031,944,993,3864,23670.0,9000000.0
2011-09-21,1012,1013,976,987,7829,23535.0,9000000.0
2011-09-22,986,1044,956,991,16979,23625.0,9000000.0
2011-09-23,951,951,866,912,37503,21735.0,9000000.0
2011-09-26,966,966,774,776,19513,18495.0,9000000.0
2011-09-27,778,870,778,871,10456,20790.0,9000000.0
2011-09-28,900,904,829,836,14771,19935.0,9000000.0
2011-09-29,878,878,810,866,8380,20655.0,9000000.0
2011-09-30,865,904,829,888,6593,21150.0,9000000.0
2011-10-04,844,871,829,874,15061,20835.0,9000000.0
2011-10-05,853,934,840,918,43778,21870.0,9000000.0
2011-10-06,961,961,904,962,11975,22950.0,9000000.0
2011-10-07,1053,1053,962,1011,15417,24120.0,9000000.0
2011-10-10,981,1018,972,1017,30252,24255.0,9000000.0
2011-10-11,1022,1055,981,1057,32104,25200.0,9000000.0
2011-10-12,1036,1112,1036,1110,32630,26460.0,9000000.0
2011-10-13,1116,1144,1078,1132,35331,27000.0,9000000.0
2011-10-14,1121,1146,1108,1123,12017,26775.0,9000000.0
2011-10-17,1142,1142,1114,1132,7611,27000.0,9000000.0
2011-10-18,1112,1138,1098,1126,5299,26865.0,9000000.0
2011-10-19,1130,1169,1085,1095,10043,26100.0,9000000.0
2011-10-20,1093,1118,1073,1093,6075,26055.0,9000000.0
2011-10-21,1091,1093,1038,1085,5938,25875.0,9000000.0
2011-10-24,1083,1129,1015,1085,21159,25875.0,9000000.0
2011-10-25,1055,1109,1036,1038,7050,24750.0,9000000.0
2011-10-26,987,1036,981,1015,17315,24210.0,9000000.0
2011-10-27,1091,1091,1013,1030,13168,24570.0,9000000.0
2011-10-28,1029,1051,1015,1035,11645,24660.0,9000000.0
2011-10-31,1059,1059,1018,1019,11421,24300.0,9000000.0
2011-11-01,974,1046,974,1019,2834,24300.0,9000000.0
2011-11-02,1018,1018,980,1014,2023,24165.0,9000000.0
2011-11-03,1004,1007,951,970,15731,23130.0,9000000.0
2011-11-04,951,989,940,966,16261,23040.0,9000000.0
2011-11-07,1015,1015,965,1005,11889,23940.0,9000000.0
2011-11-08,1018,1018,970,983,6753,23445.0,9000000.0
2011-11-09,965,1010,956,956,4749,22815.0,9000000.0
2011-11-10,956,1010,878,908,13103,21645.0,9000000.0
2011-11-11,1010,1010,885,924,13717,22050.0,9000000.0
2011-11-14,991,991,934,944,3979,22500.0,9000000.0
2011-11-15,976,976,936,949,2888,22635.0,9000000.0
2011-11-16,948,1089,948,1091,324941,26010.0,9000000.0
2011-11-17,1121,1127,1004,1095,144729,26100.0,9000000.0
2011-11-18,1073,1146,1051,1117,70836,26640.0,9000000.0
2011-11-21,1104,1142,1089,1116,42832,26595.0,9000000.0
2011-11-22,1071,1161,1071,1141,52014,27225.0,9000000.0
2011-11-23,1138,1152,1083,1085,18576,25875.0,9000000.0
2011-11-24,1065,1149,1061,1147,50087,27360.0,9000000.0
2011-11-25,1142,1318,1142,1319,461490,31455.0,9000000.0
2011-11-28,1376,1483,1351,1435,741923,34200.0,9000000.0
2011-11-29,1449,1468,1351,1470,255790,35055.0,9000000.0
2011-11-30,1474,1501,1408,1497,189974,35685.0,9000000.0
2011-12-01,1527,1640,1395,1499,950908,35730.0,9000000.0
2011-12-02,1444,1493,1416,1445,83995,34425.0,9000000.0
2011-12-05,1463,1504,1452,1465,169852,34920.0,9000000.0
2011-12-06,1474,1488,1384,1415,75573,33750.0,9000000.0
2011-12-07,1399,1440,1344,1360,113569,32445.0,9000000.0
2011-12-08,1399,1477,1357,1468,144100,35010.0,9000000.0
2011-12-09,1428,1446,1386,1435,46190,34200.0,9000000.0
2011-12-12,1493,1493,1399,1463,50036,34875.0,9000000.0
2011-12-13,1459,1459,1374,1376,25556,32805.0,9000000.0
2011-12-14,1372,1393,1169,1264,71855,30150.0,9000000.0
2011-12-15,1217,1318,1164,1174,42680,27990.0,9000000.0
2011-12-16,1200,1243,1174,1193,37641,28440.0,9000000.0
2011-12-19,1191,1229,1041,1080,66188,25740.0,9000000.0
2011-12-20,1065,1238,1062,1234,51071,29430.0,9000000.0
2011-12-21,1220,1248,1194,1231,42951,29340.0,9000000.0
2011-12-22,1199,1255,1199,1228,13844,29295.0,9000000.0
2011-12-23,1250,1250,1199,1219,20019,29070.0,9000000.0
2011-12-26,1244,1244,1199,1204,7299,28710.0,9000000.0
2011-12-27,1176,1203,1146,1149,18846,27405.0,9000000.0
2011-12-28,1130,1204,1129,1185,12079,28260.0,9000000.0
2011-12-29,1185,1243,1135,1243,32912,29655.0,9000000.0
2012-01-02,1261,1263,1220,1255,20207,29925.0,9000000.0
2012-01-03,1263,1311,1263,1283,25852,30600.0,9000000.0
2012-01-04,1281,1320,1130,1257,26820,29970.0,9000000.0
2012-01-05,1255,1305,1243,1283,36451,30600.0,9000000.0
2012-01-06,1281,1300,1265,1279,7597,30510.0,9000000.0
2012-01-09,1320,1320,1267,1304,10863,31095.0,9000000.0
2012-01-10,1320,1320,1273,1278,34133,30465.0,9000000.0
2012-01-11,1275,1300,1226,1264,51707,30150.0,9000000.0
2012-01-12,1231,1314,1231,1306,47582,31140.0,9000000.0
2012-01-13,1305,1311,1275,1297,9825,30915.0,9000000.0
2012-01-16,1295,1308,1257,1279,11882,30510.0,9000000.0
2012-01-17,1265,1305,1210,1243,27609,29655.0,9000000.0
2012-01-18,1281,1281,1226,1246,7328,29700.0,9000000.0
2012-01-19,1255,1255,1174,1243,9915,29610.0,9000000.0
2012-01-20,1206,1318,1184,1302,92113,31050.0,9000000.0
2012-01-25,1320,1320,1278,1302,10932,31050.0,9000000.0
2012-01-26,1284,1314,1280,1316,5615,31365.0,9000000.0
2012-01-27,1338,1338,1291,1310,20729,31230.0,9000000.0
2012-01-30,1310,1310,1246,1248,10805,29745.0,9000000.0
2012-01-31,1212,1280,1212,1273,14849,30330.0,9000000.0
2012-02-01,1289,1289,1246,1261,19426,30060.0,9000000.0
2012-02-02,1263,1296,1238,1246,18100,29700.0,9000000.0
2012-02-03,1318,1318,1225,1246,26939,29700.0,9000000.0
2012-02-06,1244,1261,1233,1253,5347,29880.0,9000000.0
2012-02-07,1252,1438,1240,1440,211453,34335.0,9000000.0
2012-02-08,1507,1568,1448,1455,249855,34695.0,9000000.0
2012-02-09,1503,1670,1477,1673,418862,39870.0,9000000.0
2012-02-10,1670,1767,1525,1583,201048,37755.0,9000000.0
2012-02-13,1592,1601,1542,1551,95075,36990.0,9000000.0
2012-02-14,1552,1655,1480,1586,194724,37800.0,9000000.0
2012-02-15,1584,1621,1557,1606,93365,38295.0,9000000.0
2012-02-16,1644,1841,1604,1770,497830,42210.0,9000000.0
2012-02-17,1791,1799,1706,1770,108429,42210.0,9000000.0
2012-02-20,1720,1788,1715,1761,69224,41985.0,9000000.0
2012-02-21,1768,1768,1680,1720,75105,40995.0,9000000.0
2012-02-22,1718,1718,1518,1698,67534,40500.0,9000000.0
2012-02-23,1693,1729,1584,1644,73566,39195.0,9000000.0
2012-02-24,1642,1678,1629,1650,46041,39330.0,9000000.0
2012-02-27,1648,1648,1572,1598,98062,38115.0,9000000.0
2012-02-28,1604,1639,1588,1607,28730,38340.0,9000000.0
2012-02-29,1610,1697,1602,1647,49774,39285.0,9000000.0
2012-03-02,1656,1772,1654,1728,138450,41220.0,9000000.0
2012-03-05,1736,1768,1712,1744,67852,41580.0,9000000.0
2012-03-06,1748,1748,1513,1612,125375,38430.0,9000000.0
2012-03-07,1621,1841,1568,1770,167349,42210.0,9000000.0
2012-03-08,1771,1905,1736,1844,179083,43965.0,9000000.0
2012-03-09,1882,1882,1826,1845,55317,44010.0,9000000.0
2012-03-12,1844,1878,1796,1814,45017,43245.0,9000000.0
2012-03-13,1923,2082,1863,1880,828241,44820.0,9000000.0
2012-03-14,1882,1916,1817,1880,174564,44820.0,9000000.0
2012-03-15,1850,2010,1847,1962,180485,46800.0,9000000.0
2012-03-16,1961,2055,1943,2023,163414,48240.0,9000000.0
2012-03-19,2064,2064,1905,2016,142576,48060.0,9000000.0
2012-03-20,1980,2037,1927,1986,48735,47340.0,9000000.0
2012-03-21,1999,1999,1886,1887,48918,45000.0,9000000.0
2012-03-22,1934,1934,1806,1835,75801,43740.0,9000000.0
2012-03-23,1796,1867,1796,1831,21426,43650.0,9000000.0
2012-03-26,1850,1856,1780,1812,13290,43200.0,9000000.0
2012-03-27,1761,1829,1730,1784,49675,42525.0,9000000.0
2012-03-28,1794,1794,1736,1776,32677,42345.0,9000000.0
2012-03-29,1774,1774,1640,1691,96958,40320.0,9000000.0
2012-03-30,1646,1727,1646,1728,40711,41220.0,9000000.0
2012-04-02,1699,1802,1699,1742,34435,41535.0,9000000.0
2012-04-03,1753,1802,1618,1625,79767,38745.0,9000000.0
2012-04-04,1660,1660,1501,1551,102646,36990.0,9000000.0
2012-04-05,1546,1660,1474,1661,73634,39600.0,9000000.0
2012-04-06,1663,1693,1629,1661,41717,39600.0,9000000.0
2012-04-09,1660,1750,1634,1695,53991,40410.0,9000000.0
2012-04-10,1700,1886,1674,1736,108086,41400.0,9000000.0
2012-04-12,1750,1791,1663,1697,58881,40455.0,9000000.0
2012-04-13,1697,1810,1697,1806,51167,43065.0,9000000.0
2012-04-16,1796,1867,1767,1853,82277,44190.0,9000000.0
2012-04-17,1870,1905,1852,1887,86203,45000.0,9000000.0
2012-04-18,1912,1912,1850,1887,66211,45000.0,9000000.0
2012-04-19,1912,1912,1865,1887,66096,45000.0,9000000.0
2012-04-20,1897,1897,1827,1839,54553,43830.0,9000000.0
2012-04-23,1837,1880,1772,1788,41950,42615.0,9000000.0
2012-04-24,1750,1814,1746,1774,32687,42300.0,9000000.0
2012-04-25,1876,1876,1772,1774,40490,42300.0,9000000.0
2012-04-26,1780,1810,1718,1742,24067,41535.0,9000000.0
2012-04-27,1741,1765,1697,1723,26534,41085.0,9000000.0
2012-04-30,1753,1772,1706,1736,24450,41400.0,9000000.0
2012-05-02,1847,1847,1736,1784,38865,42525.0,9000000.0
2012-05-03,1795,1841,1744,1755,42561,41850.0,9000000.0
2012-05-04,1799,2014,1799,1906,1380944,45450.0,9000000.0
2012-05-07,1867,1889,1810,1823,253162,43470.0,9000000.0
2012-05-08,1856,2093,1841,2095,502462,49950.0,9000000.0
2012-05-09,2161,2347,2074,2133,2582679,50850.0,9000000.0
2012-05-10,2085,2127,1999,2088,955274,49770.0,9000000.0
2012-05-11,2093,2187,1886,1887,1365806,45000.0,9000000.0
2012-05-14,1889,1908,1772,1782,332163,42480.0,9000000.0
2012-05-15,1725,1759,1648,1698,194207,40500.0,9000000.0
2012-05-16,1670,1727,1602,1625,149314,38745.0,9000000.0
2012-05-17,1588,1695,1588,1670,86279,39825.0,9000000.0
2012-05-18,1648,1648,1552,1553,127674,37035.0,9000000.0
2012-05-21,1531,1601,1491,1551,116236,36990.0,9000000.0
2012-05-22,1565,1689,1565,1659,101560,39555.0,9000000.0
2012-05-23,1656,1678,1602,1616,56859,38520.0,9000000.0
2012-05-24,1656,1656,1578,1582,73133,37710.0,9000000.0
2012-05-25,1595,1619,1578,1587,63261,37845.0,9000000.0
2012-05-29,1592,1636,1592,1616,66944,38520.0,9000000.0
2012-05-30,1642,1732,1615,1698,128894,40500.0,9000000.0
2012-05-31,1640,1693,1640,1691,77108,40320.0,9000000.0
2012-06-01,1697,1718,1665,1708,67515,40725.0,9000000.0
2012-06-04,1629,1660,1568,1578,98737,37620.0,9000000.0
2012-06-05,1599,1624,1565,1586,95160,37800.0,9000000.0
2012-06-07,1636,1689,1624,1625,65344,38745.0,9000000.0
2012-06-08,1614,1636,1563,1593,47779,37980.0,9000000.0
2012-06-11,1604,1668,1604,1670,79580,39825.0,9000000.0
2012-06-12,1634,1668,1634,1670,32353,39825.0,9000000.0
2012-06-13,1729,1729,1648,1663,40422,39645.0,9000000.0
2012-06-14,1627,1663,1621,1627,26862,38790.0,9000000.0
2012-06-15,1624,1655,1574,1586,49856,37800.0,9000000.0
2012-06-18,1624,1639,1602,1607,31603,38340.0,9000000.0
2012-06-19,1614,1618,1576,1593,33301,37980.0,9000000.0
2012-06-20,1607,1673,1607,1647,58454,39240.0,9000000.0
2012-06-21,1666,1756,1651,1700,115947,40545.0,9000000.0
2012-06-22,1663,1715,1624,1718,72148,40950.0,9000000.0
2012-06-25,1810,1961,1765,1794,562300,42750.0,9000000.0
2012-06-26,1761,1788,1712,1746,81614,41625.0,9000000.0
2012-06-27,1744,1744,1673,1706,67977,40680.0,9000000.0
2012-06-28,1744,1746,1684,1708,31297,40725.0,9000000.0
2012-06-29,1709,1709,1660,1673,60778,39915.0,9000000.0
2012-07-02,1715,1715,1640,1664,36203,39690.0,9000000.0
2012-07-03,1663,1709,1654,1695,33013,40410.0,9000000.0
2012-07-04,1693,1785,1682,1788,74412,42615.0,9000000.0
2012-07-05,1785,1820,1736,1754,115495,41805.0,9000000.0
2012-07-06,1738,1771,1715,1728,48793,41220.0,9000000.0
2012-07-09,1727,1768,1697,1706,24060,40680.0,9000000.0
2012-07-10,1684,1715,1644,1673,45490,39915.0,9000000.0
2012-07-11,1706,1808,1700,1744,143748,41580.0,9000000.0
2012-07-12,1768,1780,1729,1738,56507,41445.0,9000000.0
2012-07-13,1724,1750,1584,1706,58986,40680.0,9000000.0
2012-07-16,1751,1847,1710,1774,176958,42300.0,9000000.0
2012-07-17,1784,1920,1753,1850,224669,44100.0,9000000.0
2012-07-18,1832,1847,1765,1774,78029,42300.0,9000000.0
2012-07-19,1780,1806,1741,1796,61740,42840.0,9000000.0
2012-07-20,1802,1841,1771,1812,48888,43200.0,9000000.0
2012-07-23,1788,1790,1705,1728,55274,41220.0,9000000.0
2012-07-24,1674,1720,1610,1678,69313,40005.0,9000000.0
2012-07-25,1674,1674,1565,1598,64558,38115.0,9000000.0
2012-07-26,1528,1630,1527,1623,32241,38700.0,9000000.0
2012-07-27,1629,1678,1629,1679,16295,40050.0,9000000.0
2012-07-30,1697,1736,1663,1679,16134,40050.0,9000000.0
2012-07-31,1661,1689,1656,1679,14694,40050.0,9000000.0
2012-08-01,1661,1678,1640,1652,13621,39375.0,9000000.0
2012-08-02,1642,1697,1630,1632,16619,38925.0,9000000.0
2012-08-03,1668,1732,1621,1673,15513,39870.0,9000000.0
2012-08-06,1729,1729,1661,1688,17646,40230.0,9000000.0
2012-08-07,1746,1763,1673,1764,66839,42075.0,9000000.0
2012-08-08,1736,1751,1699,1718,63547,40950.0,9000000.0
2012-08-09,1699,1736,1655,1733,63516,41310.0,9000000.0
2012-08-10,1753,1753,1699,1710,31685,40770.0,9000000.0
2012-08-13,1746,1746,1687,1689,23916,40275.0,9000000.0
2012-08-14,1678,1741,1678,1731,44681,41265.0,9000000.0
2012-08-16,1738,1738,1715,1731,22896,41265.0,9000000.0
2012-08-17,1729,1768,1729,1749,38695,41715.0,9000000.0
2012-08-20,1761,1796,1746,1774,59483,42300.0,9000000.0
2012-08-21,1799,1802,1758,1789,39857,42660.0,9000000.0
2012-08-22,1785,1791,1758,1794,39941,42750.0,9000000.0
2012-08-23,1856,1868,1784,1788,92420,42615.0,9000000.0
2012-08-24,1763,1788,1715,1736,87141,41400.0,9000000.0
2012-08-27,1695,1695,1595,1607,191036,38340.0,9000000.0
2012-08-28,1607,1640,1607,1632,25755,38925.0,9000000.0
2012-08-29,1624,1682,1614,1664,33022,39690.0,9000000.0
2012-08-30,1663,1705,1646,1673,31541,39915.0,9000000.0
2012-08-31,1673,1689,1660,1682,22991,40095.0,9000000.0
2012-09-03,1670,1680,1651,1670,30321,39825.0,9000000.0
2012-09-04,1670,1715,1646,1708,42513,40725.0,9000000.0
2012-09-05,1706,1790,1685,1782,101928,42480.0,9000000.0
2012-09-06,1780,1810,1738,1748,34608,41670.0,9000000.0
2012-09-07,1750,1794,1746,1778,36612,42390.0,9000000.0
2012-09-10,1791,1791,1753,1778,36241,42390.0,9000000.0
2012-09-11,1776,1817,1761,1818,28232,43335.0,9000000.0
2012-09-12,1808,1841,1784,1839,66682,43830.0,9000000.0
2012-09-13,1846,1847,1794,1835,33018,43740.0,9000000.0
2012-09-14,1847,1882,1847,1868,68440,44550.0,9000000.0
2012-09-17,1875,1878,1823,1872,43672,44640.0,9000000.0
2012-09-18,1876,1938,1858,1917,172710,45720.0,9000000.0
2012-09-19,1923,2025,1884,1992,93766,47520.0,9000000.0
2012-09-20,2037,2037,1949,1966,26375,46890.0,9000000.0
2012-09-21,1965,2025,1923,1978,40904,47160.0,9000000.0
2012-09-24,1953,1995,1916,1981,49301,47250.0,9000000.0
2012-09-25,1999,2048,1893,1974,45380,47070.0,9000000.0
2012-09-26,1916,1999,1916,1974,38013,47070.0,9000000.0
2012-09-27,1987,1992,1905,1925,24500,45900.0,9000000.0
2012-09-28,1908,1980,1908,1944,30685,46350.0,9000000.0
2012-10-02,1931,2033,1931,2034,63446,48510.0,9000000.0
2012-10-04,2044,2127,2033,2088,102507,49770.0,9000000.0
2012-10-05,2096,2127,2078,2128,68106,50760.0,9000000.0
2012-10-08,2259,2406,2172,2276,206783,54270.0,9000000.0
2012-10-09,2274,2319,2225,2317,74458,55260.0,9000000.0
2012-10-10,2301,2331,2233,2317,59227,55260.0,9000000.0
2012-10-11,2338,2640,2338,2604,308638,62100.0,9000000.0
2012-10-12,2678,2855,2377,2680,300676,63900.0,9000000.0
2012-10-15,2810,2840,2599,2680,169888,63900.0,9000000.0
2012-10-16,2667,2777,2621,2672,65334,63720.0,9000000.0
2012-10-17,2769,2769,2603,2604,57877,62100.0,9000000.0
2012-10-18,2595,2637,2509,2540,96575,60570.0,9000000.0
2012-10-19,2581,2603,2516,2604,44781,62100.0,9000000.0
2012-10-22,2599,2735,2523,2669,75115,63630.0,9000000.0
2012-10-23,2697,2743,2692,2707,33624,64530.0,9000000.0
2012-10-24,2663,2716,2626,2672,31697,63720.0,9000000.0
2012-10-25,2716,2900,2660,2831,205066,67500.0,9000000.0
2012-10-26,2939,2942,2799,2906,111243,69300.0,9000000.0
2012-10-29,3033,3127,2939,2985,141059,71190.0,9000000.0
2012-10-30,2984,3298,2912,3084,113563,73530.0,9000000.0
2012-10-31,3090,3203,3086,3088,82860,73620.0,9000000.0
2012-11-01,3097,3135,3018,3034,48348,72360.0,9000000.0
2012-11-02,3047,3158,2980,3043,55602,72540.0,9000000.0
2012-11-05,3056,3120,3003,3122,24354,74430.0,9000000.0
2012-11-06,3123,3339,3123,3205,76662,76410.0,9000000.0
2012-11-07,3203,3316,3169,3295,32906,78570.0,9000000.0
2012-11-08,3293,3433,3169,3394,61768,80910.0,9000000.0
2012-11-09,3487,3607,3365,3413,106657,81360.0,9000000.0
2012-11-12,3396,3562,3396,3510,55635,83700.0,9000000.0
2012-11-13,3584,4018,3501,3831,375178,91350.0,9000000.0
2012-11-14,3943,4377,3943,4379,437076,104400.0,9000000.0
2012-11-15,4377,4528,3999,4190,331338,99900.0,9000000.0
2012-11-16,4188,4302,3792,4077,228321,97200.0,9000000.0
2012-11-19,4056,4679,4056,4662,281650,111150.0,9000000.0
2012-11-20,4886,5188,4339,4473,416391,106650.0,9000000.0
2012-11-21,4490,4546,4113,4265,322491,101700.0,9000000.0
2012-11-22,4321,4471,4207,4322,164595,103050.0,9000000.0
2012-11-23,4339,4546,4207,4529,134299,108000.0,9000000.0
2012-11-26,4509,4546,4396,4435,97136,105750.0,9000000.0
2012-11-27,4396,4490,4169,4265,109793,101700.0,9000000.0
2012-11-28,4207,4546,4188,4398,147577,104850.0,9000000.0
2012-11-29,4471,4622,4396,4605,126410,109800.0,9000000.0
2012-11-30,4604,4717,4528,4680,75495,111600.0,9000000.0
2012-12-03,4585,4792,4585,4662,78399,111150.0,9000000.0
2012-12-04,4660,5018,4660,4907,242270,117000.0,9000000.0
2012-12-05,4924,5245,4924,5134,189493,122400.0,9000000.0
2012-12-06,5151,5377,4886,5020,200407,119700.0,9000000.0
2012-12-07,5018,5132,4565,4982,140239,118800.0,9000000.0
2012-12-10,4981,5321,4830,5322,88653,126900.0,9000000.0
2012-12-11,5377,5395,5188,5322,167719,126900.0,9000000.0
2012-12-12,5395,5395,5227,5322,79315,126900.0,9000000.0
2012-12-13,5321,5453,5283,5304,92798,126450.0,9000000.0
2012-12-14,5227,5302,5132,5228,56549,124650.0,9000000.0
2012-12-17,5245,5283,4905,5115,102499,121950.0,9000000.0
2012-12-18,5056,5170,4886,5171,75630,123300.0,9000000.0
2012-12-20,5207,5227,4924,4927,70595,117450.0,9000000.0
2012-12-21,4868,4944,4641,4719,127213,112500.0,9000000.0
2012-12-24,4679,5056,4641,4945,91154,117900.0,9000000.0
2012-12-26,5000,5170,4868,4964,40103,118350.0,9000000.0
2012-12-27,4905,5283,4905,5190,101483,123750.0,9000000.0
2012-12-28,5170,5263,5132,5228,45477,124650.0,9000000.0
2013-01-02,5245,5377,5132,5152,58499,122850.0,9000000.0
2013-01-03,5151,5188,4944,5058,87594,120600.0,9000000.0
2013-01-04,5018,5170,5018,5171,52534,123300.0,9000000.0
2013-01-07,5188,5339,5188,5266,96729,125550.0,9000000.0
2013-01-08,5283,5283,5132,5228,86503,124650.0,9000000.0
2013-01-09,5227,5263,5132,5228,31670,124650.0,9000000.0
2013-01-10,5170,5208,5038,5134,85590,122400.0,9000000.0
2013-01-11,5132,5132,5038,5096,38842,121500.0,9000000.0
2013-01-14,5132,5132,4868,4927,175503,117450.0,9000000.0
2013-01-15,4924,5245,4792,5134,255957,122400.0,9000000.0
2013-01-16,5094,5263,5056,5190,139827,123750.0,9000000.0
2013-01-17,5188,5302,5018,5020,65746,119700.0,9000000.0
2013-01-18,5038,5283,5018,5266,93590,125550.0,9000000.0
2013-01-21,5263,5698,5263,5529,230434,131850.0,9000000.0
2013-01-22,5565,5774,5415,5643,171271,134550.0,9000000.0
2013-01-23,5735,6038,5698,6040,193679,144000.0,9000000.0
2013-01-24,6019,6038,5698,5794,161273,138150.0,9000000.0
2013-01-25,5868,5906,5471,5587,169786,133200.0,9000000.0
2013-01-28,5623,5623,5283,5342,173413,127350.0,9000000.0
2013-01-29,5395,5547,5339,5529,144208,131850.0,9000000.0
2013-01-30,5623,6038,5528,5662,379664,135000.0,9000000.0
2013-01-31,5679,5830,5660,5737,89266,136800.0,9000000.0
2013-02-01,5754,5830,5660,5757,69918,137250.0,9000000.0
2013-02-04,5754,5962,5754,5832,82290,139050.0,9000000.0
2013-02-05,5660,5698,5038,5284,940544,126000.0,9000000.0
2013-02-06,5321,5547,5188,5549,279142,132300.0,9000000.0
2013-02-07,5547,5585,5263,5342,219473,127350.0,9000000.0
2013-02-08,5339,5510,5321,5417,122042,129150.0,9000000.0
2013-02-12,5471,5565,5434,5529,152477,131850.0,9000000.0
2013-02-13,5547,5925,5528,5926,355186,141300.0,9000000.0
2013-02-14,5906,6189,5868,6153,234051,146700.0,9000000.0
2013-02-15,6189,6528,6151,6493,363171,154800.0,9000000.0
2013-02-18,6547,7095,6434,7096,282354,169200.0,9000000.0
2013-02-19,7246,7471,6868,7210,449505,171900.0,9000000.0
2013-02-20,7321,8227,7095,8040,513679,191700.0,9000000.0
2013-02-21,8113,8793,7755,8719,614937,207900.0,9000000.0
2013-02-22,8604,9378,8548,8890,547169,211950.0,9000000.0
2013-02-25,8925,8982,8472,8662,382639,206550.0,9000000.0
2013-02-26,8643,8906,8284,8285,353956,197550.0,9000000.0
2013-02-27,8416,8680,7963,8437,730385,201150.0,9000000.0
2013-02-28,8585,8755,8208,8247,280085,196650.0,9000000.0
2013-03-04,8227,8492,8095,8379,265729,199800.0,9000000.0
2013-03-05,8396,8510,8264,8512,289609,202950.0,9000000.0
2013-03-06,8643,8719,7943,8077,558197,192600.0,9000000.0
2013-03-07,8189,8208,7963,8077,184374,192600.0,9000000.0
2013-03-08,8077,8396,7981,8285,248479,197550.0,9000000.0
2013-03-11,8303,8453,7943,8247,266055,196650.0,9000000.0
2013-03-12,8227,8529,8152,8455,232665,201600.0,9000000.0
2013-03-13,8453,8660,8340,8549,336554,203850.0,9000000.0
2013-03-14,8585,8680,8359,8587,253060,204750.0,9000000.0
2013-03-15,8793,9133,8321,8455,661208,201600.0,9000000.0
2013-03-18,8396,8548,7471,7625,463596,181800.0,9000000.0
2013-03-19,7736,8246,7679,8153,292288,194400.0,9000000.0
2013-03-20,8171,8264,7963,8040,157200,191700.0,9000000.0
2013-03-21,8077,8189,7717,7738,161350,184500.0,9000000.0
2013-03-22,7604,8020,7529,8002,170651,190800.0,9000000.0
2013-03-25,8113,8189,7906,8021,116313,191250.0,9000000.0
2013-03-26,7963,8038,7812,7927,94686,189000.0,9000000.0
2013-03-27,8113,8453,7925,8267,269756,197100.0,9000000.0
2013-03-28,8340,8435,8264,8361,635861,199350.0,9000000.0
2013-03-29,8284,8321,7490,7530,1461507,179550.0,9000000.0
2013-04-01,7925,7981,7642,7738,447542,184500.0,9000000.0
2013-04-02,7755,7869,7566,7701,235476,183600.0,9000000.0
2013-04-03,7699,7812,7547,7738,274442,184500.0,9000000.0
2013-04-04,7717,7736,7227,7473,257176,178200.0,9000000.0
2013-04-05,7471,7963,7471,7908,495824,188550.0,9000000.0
2013-04-08,7925,7963,7359,7455,182186,177750.0,9000000.0
2013-04-09,7378,7623,7207,7398,159165,176400.0,9000000.0
2013-04-10,7510,7623,7321,7568,151789,180450.0,9000000.0
2013-04-11,7642,8057,7510,8040,334702,191700.0,9000000.0
2013-04-12,8095,8171,7925,8040,276851,191700.0,9000000.0
2013-04-15,8208,8567,8077,8474,295402,202050.0,9000000.0
2013-04-16,8303,8585,8264,8587,231419,204750.0,9000000.0
2013-04-17,8680,8719,8472,8493,158993,202500.0,9000000.0
2013-04-18,8396,8453,8095,8229,183789,196200.0,9000000.0
2013-04-19,8227,8264,7774,7984,200545,190350.0,9000000.0
2013-04-22,8001,8208,8001,8210,142845,195750.0,9000000.0
2013-04-23,8303,8774,8246,8719,355668,207900.0,9000000.0
2013-04-24,8868,8925,8585,8814,345760,210150.0,9000000.0
2013-04-25,8868,8888,8585,8607,205450,205200.0,9000000.0
2013-04-26,8755,9227,8643,9154,463567,218250.0,9000000.0
2013-04-29,9284,9737,9171,9569,321151,228150.0,9000000.0
2013-04-30,9473,9510,8963,9098,419546,216900.0,9000000.0
2013-05-02,9057,9095,8624,8738,244928,208350.0,9000000.0
2013-05-03,8868,8982,8604,8908,185209,212400.0,9000000.0
2013-05-06,8963,8963,8472,8587,280016,204750.0,9000000.0
2013-05-07,8680,8850,8643,8738,188708,208350.0,9000000.0
2013-05-08,8812,9001,8755,8794,207272,209700.0,9000000.0
2013-05-09,8699,8831,8510,8512,210002,202950.0,9000000.0
2013-05-10,8567,8680,8246,8323,232596,198450.0,9000000.0
2013-05-13,8340,8510,8001,8304,191129,198000.0,9000000.0
2013-05-14,8303,8492,7849,7946,238322,189450.0,9000000.0
2013-05-15,7981,8264,7943,8267,143722,197100.0,9000000.0
2013-05-16,8321,8416,8152,8267,86046,197100.0,9000000.0
2013-05-20,8340,8416,8057,8096,91147,193050.0,9000000.0
2013-05-21,8095,8246,8020,8229,85394,196200.0,9000000.0
2013-05-22,8303,8567,8284,8531,188569,203400.0,9000000.0
2013-05-23,8529,8529,8227,8229,126861,196200.0,9000000.0
2013-05-24,8227,8378,7925,8116,180823,193500.0,9000000.0
2013-05-27,8227,8472,8152,8474,123402,202050.0,9000000.0
2013-05-28,8510,8604,8340,8568,193064,204300.0,9000000.0
2013-05-29,8660,8660,8492,8531,134280,203400.0,9000000.0
2013-05-30,8510,8567,8113,8153,187512,194400.0,9000000.0
2013-05-31,8246,8264,7812,8059,171376,192150.0,9000000.0
2013-06-03,8038,8208,7925,7946,90907,189450.0,9000000.0
2013-06-04,7943,8020,7471,7605,201985,181350.0,9000000.0
2013-06-05,7547,7547,7227,7229,154986,172350.0,9000000.0
2013-06-07,7264,7283,6151,6153,572920,146700.0,9000000.0
2013-06-10,6094,6472,5943,6455,283892,153900.0,9000000.0
2013-06-11,6397,6490,6189,6455,251604,153900.0,9000000.0
2013-06-12,6358,6680,6340,6455,191075,153900.0,9000000.0
2013-06-13,6377,6604,6227,6398,139495,152550.0,9000000.0
2013-06-14,6584,6584,6151,6247,100108,148950.0,9000000.0
2013-06-17,6265,6321,5698,5832,183776,139050.0,9000000.0
2013-06-18,5887,6057,5623,6059,175141,144450.0,9000000.0
2013-06-19,6094,6132,5868,5907,124204,140850.0,9000000.0
2013-06-20,5718,5925,5585,5587,145842,133200.0,9000000.0
2013-06-21,5395,5718,5283,5699,218634,135900.0,9000000.0
2013-06-24,5735,5735,5263,5266,107221,125550.0,9000000.0
2013-06-25,5151,5358,4905,5096,245366,121500.0,9000000.0
2013-06-26,5283,5471,5170,5454,207745,130050.0,9000000.0
2013-06-27,5547,5906,5547,5832,210335,139050.0,9000000.0
2013-06-28,5868,5887,5718,5832,98672,139050.0,9000000.0
2013-07-01,5754,5906,5735,5851,121883,139500.0,9000000.0
2013-07-02,5925,5981,5774,5813,150208,138600.0,9000000.0
2013-07-03,5811,5868,5491,5492,136884,130950.0,9000000.0
2013-07-04,5547,5660,5321,5662,125841,135000.0,9000000.0
2013-07-05,5698,5830,5395,5624,168822,134100.0,9000000.0
2013-07-08,5510,5660,5188,5228,160480,124650.0,9000000.0
2013-07-09,5339,5434,5263,5379,118391,128250.0,9000000.0
2013-07-10,5434,5510,5227,5284,91753,126000.0,9000000.0
2013-07-11,5395,5868,5395,5851,189832,139500.0,9000000.0
2013-07-12,5811,5868,5718,5775,118251,137700.0,9000000.0
2013-07-15,5793,5811,5547,5699,101174,135900.0,9000000.0
2013-07-16,5718,5811,5679,5794,96838,138150.0,9000000.0
2013-07-17,5793,6075,5735,6021,216427,143550.0,9000000.0
2013-07-18,6057,6094,5830,5889,111536,140400.0,9000000.0
2013-07-19,5925,5981,5660,5718,127449,136350.0,9000000.0
2013-07-22,5718,5774,5565,5587,89550,133200.0,9000000.0
2013-07-23,5585,5679,5491,5529,74114,131850.0,9000000.0
2013-07-24,5565,5603,5395,5529,60485,131850.0,9000000.0
2013-07-25,5623,5811,5585,5681,147458,135450.0,9000000.0
2013-07-26,5735,5754,5585,5643,67747,134550.0,9000000.0
2013-07-29,5641,5718,5434,5436,62963,129600.0,9000000.0
2013-07-30,5395,5585,5395,5511,54124,131400.0,9000000.0
2013-07-31,5565,5754,5471,5718,94278,136350.0,9000000.0
2013-08-01,5735,5830,5698,5699,77896,135900.0,9000000.0
2013-08-02,5774,5830,5641,5662,83419,135000.0,9000000.0
2013-08-05,5698,5981,5698,5945,216211,141750.0,9000000.0
2013-08-06,5943,5962,5793,5964,95360,142200.0,9000000.0
2013-08-07,5887,6151,5849,6001,200076,143100.0,9000000.0
2013-08-08,6000,6094,5774,5775,140665,137700.0,9000000.0
2013-08-09,5849,5868,5718,5794,64668,138150.0,9000000.0
2013-08-12,5793,5849,5698,5718,42821,136350.0,9000000.0
2013-08-13,5718,5830,5547,5832,83258,139050.0,9000000.0
2013-08-14,5906,5906,5735,5757,54287,137250.0,9000000.0
2013-08-16,5623,5718,5585,5662,46917,135000.0,9000000.0
2013-08-19,5660,5718,5585,5662,43538,135000.0,9000000.0
2013-08-20,5603,5887,5585,5605,136410,133650.0,9000000.0
2013-08-21,5603,5660,5227,5417,140320,129150.0,9000000.0
2013-08-22,5283,5321,5076,5266,102086,125550.0,9000000.0
2013-08-23,5358,5565,5339,5492,98920,130950.0,9000000.0
2013-08-26,5547,5623,5471,5529,56816,131850.0,9000000.0
2013-08-27,5565,5585,5358,5379,85815,128250.0,9000000.0
2013-08-28,5245,5321,5112,5134,127632,122400.0,9000000.0
2013-08-29,5188,5263,5094,5134,96759,122400.0,9000000.0
2013-08-30,5132,5208,4944,4964,92178,118350.0,9000000.0
2013-09-02,4962,5132,4962,5115,50328,121950.0,9000000.0
2013-09-03,5170,5170,5000,5020,63672,119700.0,9000000.0
2013-09-04,5000,5094,5000,5039,40224,120150.0,9000000.0
2013-09-05,5056,5170,5018,5020,58906,119700.0,9000000.0
2013-09-06,5076,5094,4754,4756,137519,113400.0,9000000.0
2013-09-09,4754,4848,4604,4643,77306,110700.0,9000000.0
2013-09-10,4660,4773,4622,4719,56682,112500.0,9000000.0
2013-09-11,4773,4811,4679,4812,44271,114750.0,9000000.0
2013-09-12,4811,4848,4641,4699,57746,112050.0,9000000.0
2013-09-13,4717,4773,4622,4775,41056,113850.0,9000000.0
2013-09-16,4792,4886,4736,4756,68763,113400.0,9000000.0
2013-09-17,4698,4811,4679,4737,39762,112950.0,9000000.0
2013-09-23,4698,4792,4471,4511,102746,107550.0,9000000.0
2013-09-24,4490,4546,4264,4340,148275,103500.0,9000000.0
2013-09-25,4282,4339,4056,4114,279068,98100.0,9000000.0
2013-09-26,4094,4264,4094,4265,160419,101700.0,9000000.0
2013-09-27,4282,4339,4226,4265,90916,101700.0,9000000.0
2013-09-30,4264,4509,4169,4473,181548,106650.0,9000000.0
2013-10-01,4414,4528,4282,4398,112788,104850.0,9000000.0
2013-10-02,4433,4490,4339,4435,76003,105750.0,9000000.0
2013-10-04,4433,4585,4396,4511,122306,107550.0,9000000.0
2013-10-07,4509,4546,4169,4228,127751,100800.0,9000000.0
2013-10-08,4150,4150,3829,3907,317783,93150.0,9000000.0
2013-10-10,3867,4018,3849,3963,95911,94500.0,9000000.0
2013-10-11,4038,4038,3905,3963,107170,94500.0,9000000.0
2013-10-14,3962,4038,3943,4039,48811,96300.0,9000000.0
2013-10-15,4074,4169,4038,4057,77397,96750.0,9000000.0
2013-10-16,4074,4131,3905,3907,55497,93150.0,9000000.0
2013-10-17,3999,3999,3599,3601,175516,85860.0,9000000.0
2013-10-18,3599,3685,3460,3601,165753,85860.0,9000000.0
2013-10-21,3568,3592,3478,3548,80223,84600.0,9000000.0
2013-10-22,3588,3588,3527,3533,41057,84240.0,9000000.0
2013-10-23,3550,3667,3547,3605,95467,85950.0,9000000.0
2013-10-24,3607,3765,3580,3752,94273,89460.0,9000000.0
2013-10-25,3770,3829,3679,3760,106706,89640.0,9000000.0
2013-10-28,3743,3792,3697,3711,52157,88470.0,9000000.0
2013-10-29,3712,3758,3641,3658,67450,87210.0,9000000.0
2013-10-30,3656,3750,3656,3707,46902,88380.0,9000000.0
2013-10-31,3689,3792,3659,3662,52453,87300.0,9000000.0
2013-11-01,3659,4207,3659,4209,500609,100350.0,9000000.0
2013-11-04,4339,4433,4245,4360,594133,103950.0,9000000.0
2013-11-05,4414,4471,4264,4340,277649,103500.0,9000000.0
2013-11-06,4339,4339,4131,4133,271700,98550.0,9000000.0
2013-11-07,4094,4150,3981,4095,180387,97650.0,9000000.0
2013-11-08,3981,4188,3943,4039,184029,96300.0,9000000.0
2013-11-11,4113,4188,3755,3813,198310,90900.0,9000000.0
2013-11-12,3811,4018,3792,3888,124627,92700.0,9000000.0
2013-11-13,3943,4038,3829,3888,97919,92700.0,9000000.0
2013-11-14,3923,4038,3867,3982,86452,94950.0,9000000.0
2013-11-15,4018,4131,3923,3926,128732,93600.0,9000000.0
2013-11-18,3999,4056,3679,3681,214310,87750.0,9000000.0
2013-11-19,3595,3697,3562,3563,124974,84960.0,9000000.0
2013-11-20,3542,3653,3531,3642,45966,86850.0,9000000.0
2013-11-21,3641,3675,3509,3536,56574,84330.0,9000000.0
2013-11-22,3565,3592,3512,3575,29550,85230.0,9000000.0
2013-11-25,3584,3637,3565,3601,29313,85860.0,9000000.0
2013-11-26,3584,4131,3573,4133,333983,98550.0,9000000.0
2013-11-27,4282,4339,4094,4153,496924,99000.0,9000000.0
2013-11-28,4169,4282,4150,4171,250029,99450.0,9000000.0
2013-11-29,4207,4321,4169,4284,199801,102150.0,9000000.0
2013-12-02,4302,4339,4131,4133,145243,98550.0,9000000.0
2013-12-03,4113,4471,3981,4340,222671,103500.0,9000000.0
2013-12-04,4282,4471,4207,4209,256819,100350.0,9000000.0
2013-12-05,4207,4377,4207,4360,149646,103950.0,9000000.0
2013-12-06,4321,4414,4264,4322,147068,103050.0,9000000.0
2013-12-09,4321,4490,4169,4171,296797,99450.0,9000000.0
2013-12-10,4131,4150,4018,4039,150811,96300.0,9000000.0
2013-12-11,4018,4377,4018,4303,231747,102600.0,9000000.0
2013-12-12,4302,4414,4245,4379,178339,104400.0,9000000.0
2013-12-13,4377,4528,4282,4455,231599,106200.0,9000000.0
2013-12-16,4453,4641,4414,4529,257764,108000.0,9000000.0
2013-12-17,4604,4604,4245,4247,164194,101250.0,9000000.0
2013-12-18,4302,4453,4226,4435,114813,105750.0,9000000.0
2013-12-19,4604,4641,4490,4568,196863,108900.0,9000000.0
2013-12-20,4528,4717,4528,4719,158819,112500.0,9000000.0
2013-12-23,4792,4981,4717,4907,233659,117000.0,9000000.0
2013-12-24,5018,5056,4848,4927,159904,117450.0,9000000.0
2013-12-26,4924,4944,4811,4927,215995,117450.0,9000000.0
2013-12-27,5061,5354,5038,5197,244025,103500.0,9000000.0
2013-12-30,5151,5196,5015,5107,110607,101700.0,9000000.0
2014-01-02,5015,5106,4789,4790,114329,95400.0,9000000.0
2014-01-03,4834,4902,4698,4903,146224,97650.0,9000000.0
2014-01-06,4766,4812,4246,4515,1113932,89910.0,9000000.0
2014-01-07,4514,4631,4445,4564,218078,90900.0,9000000.0
2014-01-08,4585,4608,4387,4397,182954,87570.0,9000000.0
2014-01-09,4396,4563,4396,4478,113283,89190.0,9000000.0
2014-01-10,4509,4540,4432,4434,97343,88290.0,9000000.0
2014-01-13,4368,4540,4216,4465,221193,88920.0,9000000.0
2014-01-14,4509,4540,4449,4465,108354,88920.0,9000000.0
2014-01-15,4509,4540,4468,4492,73254,89460.0,9000000.0
2014-01-16,4563,4563,4428,4447,72032,88560.0,9000000.0
2014-01-17,4449,4509,4373,4375,78208,87120.0,9000000.0
2014-01-20,4368,4436,4364,4375,53385,87120.0,9000000.0
2014-01-21,4368,4585,4368,4564,156268,90900.0,9000000.0
2014-01-22,4585,4608,4455,4474,93380,89100.0,9000000.0
2014-01-23,4518,4518,4441,4451,59555,88650.0,9000000.0
2014-01-24,4473,4486,4360,4384,50154,87300.0,9000000.0
2014-01-27,4246,4269,4175,4176,110142,83160.0,9000000.0
2014-01-28,4192,4246,4170,4226,32176,84150.0,9000000.0
2014-01-29,4256,4324,4246,4248,41345,84600.0,9000000.0
2014-02-03,4246,4265,4139,4217,50267,83970.0,9000000.0
2014-02-04,4116,4179,3998,4004,75163,79740.0,9000000.0
2014-02-05,4070,4084,4002,4031,41790,80280.0,9000000.0
2014-02-06,4021,4237,4021,4226,48370,84150.0,9000000.0
2014-02-07,4210,4233,4129,4212,50588,83880.0,9000000.0
2014-02-10,4246,4256,4192,4244,36129,84510.0,9000000.0
2014-02-11,4201,4278,4197,4266,48154,84960.0,9000000.0
2014-02-12,4291,4332,4237,4239,45472,84420.0,9000000.0
2014-02-13,4220,4251,4201,4207,37642,83790.0,9000000.0
2014-02-14,4206,4301,4201,4203,44990,83700.0,9000000.0
2014-02-17,4216,4246,4111,4139,53213,82440.0,9000000.0
2014-02-18,4119,4183,4111,4144,32428,82530.0,9000000.0
2014-02-19,4151,4197,4129,4135,26585,82350.0,9000000.0
2014-02-20,4116,4139,4048,4086,47668,81360.0,9000000.0
2014-02-21,4074,4175,4074,4171,25517,83070.0,9000000.0
2014-02-24,4139,4197,4129,4153,28528,82710.0,9000000.0
2014-02-25,4129,4188,4129,4135,21996,82350.0,9000000.0
2014-02-26,4147,4278,4129,4253,78497,84690.0,9000000.0
2014-02-27,4287,4287,4124,4131,61193,82260.0,9000000.0
2014-02-28,4129,4175,4034,4049,56545,80640.0,9000000.0
2014-03-03,4052,4066,3876,3878,69060,77220.0,9000000.0
2014-03-04,3849,4002,3844,3986,46401,79380.0,9000000.0
2014-03-05,3989,4563,3967,4564,279725,90900.0,9000000.0
2014-03-06,4879,5128,4766,4927,1243999,98100.0,9000000.0
2014-03-07,4992,5015,4834,4993,372630,99450.0,9000000.0
2014-03-10,5038,5061,4902,4949,282095,98550.0,9000000.0
2014-03-11,4970,5061,4902,4927,265384,98100.0,9000000.0
2014-03-12,4947,4970,4722,4745,207923,94500.0,9000000.0
2014-03-13,4744,4902,4676,4836,185981,96300.0,9000000.0
2014-03-14,4744,4857,4676,4678,130714,93150.0,9000000.0
2014-03-17,4722,4722,4540,4654,113351,92700.0,9000000.0
2014-03-18,4676,4924,4676,4812,189742,95850.0,9000000.0
2014-03-19,4857,4902,4608,4633,111532,92250.0,9000000.0
2014-03-20,4653,4879,4540,4836,145382,96300.0,9000000.0
2014-03-21,4857,4902,4722,4858,148300,96750.0,9000000.0
2014-03-24,4857,5015,4812,4949,164315,98550.0,9000000.0
2014-03-25,4947,5082,4834,4949,241903,98550.0,9000000.0
2014-03-26,4970,5061,4857,4903,130254,97650.0,9000000.0
2014-03-27,4879,4970,4812,4858,71854,96750.0,9000000.0
2014-03-28,4857,5128,4789,5061,170554,100800.0,9000000.0
2014-03-31,5082,5196,4992,4993,139598,99450.0,9000000.0
2014-04-01,5038,5218,5015,5061,122213,100800.0,9000000.0
2014-04-02,5082,5172,5015,5175,125102,103050.0,9000000.0
2014-04-03,5196,5625,5151,5378,547636,107100.0,9000000.0
2014-04-04,5376,5602,5331,5559,169776,110700.0,9000000.0
2014-04-07,5580,5602,5467,5491,102735,109350.0,9000000.0
2014-04-08,5445,5557,5263,5401,104601,107550.0,9000000.0
2014-04-09,5421,5580,5286,5468,102841,108900.0,9000000.0
2014-04-10,5557,5580,5376,5423,79721,108000.0,9000000.0
2014-04-11,5309,5489,5263,5445,95354,108450.0,9000000.0
2014-04-14,5467,6258,5467,6258,615035,124650.0,9000000.0
2014-04-15,6777,7070,6574,6801,2020454,135450.0,9000000.0
2014-04-16,6732,6845,6620,6643,685556,132300.0,9000000.0
2014-04-17,6438,6552,6099,6214,809457,123750.0,9000000.0
2014-04-18,6212,6506,6145,6507,665110,129600.0,9000000.0
2014-04-21,6416,6552,6235,6440,505357,153900.0,10800000.0
2014-04-22,6484,6484,6280,6417,172009,153360.0,10800000.0
2014-04-23,6438,6484,6009,6101,558561,145800.0,10800000.0
2014-04-24,6122,6280,5805,5989,561193,143100.0,10800000.0
2014-04-25,6077,6212,5963,5965,222490,142560.0,10800000.0
2014-04-28,5896,6122,5896,5920,175149,141480.0,10800000.0
2014-04-29,5987,6099,5941,5989,157395,143100.0,10800000.0
2014-04-30,6099,6461,6077,6395,482343,152820.0,10800000.0
2014-05-02,6552,6596,6235,6236,252610,149040.0,10800000.0
2014-05-07,6235,6258,5784,5808,298815,138780.0,10800000.0
2014-05-08,5738,5829,5445,5604,357340,133920.0,10800000.0
2014-05-09,5557,5670,5467,5650,179521,135000.0,10800000.0
2014-05-12,5557,5670,5263,5401,337390,129060.0,10800000.0
2014-05-13,5445,5467,5286,5378,168539,128520.0,10800000.0
2014-05-14,5489,5512,5354,5468,237516,130680.0,10800000.0
2014-05-15,5535,5670,5399,5423,229138,129600.0,10800000.0
2014-05-16,5445,5647,5354,5445,171923,130140.0,10800000.0
2014-05-19,5512,5512,4879,4971,379553,118800.0,10800000.0
2014-05-20,4947,5038,4789,4790,167572,114480.0,10800000.0
2014-05-21,4789,5038,4744,4971,183846,118800.0,10800000.0
2014-05-22,5015,5106,4924,4971,131121,118800.0,10800000.0
2014-05-23,4970,5082,4924,4971,70785,118800.0,10800000.0
2014-05-26,5015,5061,4924,4971,88095,118800.0,10800000.0
2014-05-27,4947,5061,4744,4768,150298,113940.0,10800000.0
2014-05-28,4789,4902,4676,4836,103434,115560.0,10800000.0
2014-05-29,4857,5061,4812,4971,119926,118800.0,10800000.0
2014-05-30,4970,5015,4509,4519,415055,108000.0,10800000.0
2014-06-02,4518,4518,4089,4089,340183,97740.0,10800000.0
2014-06-03,3907,4197,3907,4067,283015,97200.0,10800000.0
2014-06-05,4034,4102,3867,3913,191081,93528.0,10800000.0
2014-06-09,3930,4021,3912,3923,103945,93744.0,10800000.0
2014-06-10,3926,4116,3926,4117,122663,98388.0,10800000.0
2014-06-11,4116,4156,4038,4058,89332,96984.0,10800000.0
2014-06-12,4089,4106,4043,4072,65350,97308.0,10800000.0
2014-06-13,4052,4057,3957,3972,91063,94932.0,10800000.0
2014-06-16,4008,4008,3953,3986,53531,95256.0,10800000.0
2014-06-17,3971,4034,3971,4004,56950,95688.0,10800000.0
2014-06-18,3998,4057,3975,4031,57489,96336.0,10800000.0
2014-06-19,4029,4048,3907,3913,93291,93528.0,10800000.0
2014-06-20,3930,3962,3885,3923,46146,93744.0,10800000.0
2014-06-23,3957,3957,3546,3547,235314,84780.0,10800000.0
2014-06-24,3523,3559,3410,3475,98243,83052.0,10800000.0
2014-06-25,3446,3555,3446,3494,36385,83484.0,10800000.0
2014-06-26,3501,3677,3501,3588,63257,85752.0,10800000.0
2014-06-27,3618,3659,3551,3584,43783,85644.0,10800000.0
2014-06-30,3623,3735,3587,3724,43481,88992.0,10800000.0
2014-07-01,3772,3785,3699,3755,52016,89748.0,10800000.0
2014-07-02,3781,3800,3685,3697,53527,88344.0,10800000.0
2014-07-03,3718,3718,3623,3633,56802,86832.0,10800000.0
2014-07-04,3659,3741,3632,3656,51030,87372.0,10800000.0
2014-07-07,3632,3673,3623,3642,77235,87048.0,10800000.0
2014-07-08,3641,3926,3618,3895,194536,93096.0,10800000.0
2014-07-09,3881,3881,3772,3823,83678,91368.0,10800000.0
2014-07-10,3849,3894,3795,3873,70664,92556.0,10800000.0
2014-07-11,3871,3998,3817,3927,93834,93852.0,10800000.0
2014-07-14,3998,4048,3930,3945,85410,94284.0,10800000.0
2014-07-15,3930,3957,3826,3923,54708,93744.0,10800000.0
2014-07-16,3930,3930,3759,3778,59380,90288.0,10800000.0
2014-07-17,3790,3836,3726,3809,42935,91044.0,10800000.0
2014-07-18,3781,3867,3776,3800,34177,90828.0,10800000.0
2014-07-21,3813,3858,3781,3837,30701,91692.0,10800000.0
2014-07-22,3840,3921,3822,3878,47099,92664.0,10800000.0
2014-07-23,3894,3984,3885,3895,61236,93096.0,10800000.0
2014-07-24,3890,3926,3790,3823,56490,91368.0,10800000.0
2014-07-25,3822,3840,3767,3796,29492,90720.0,10800000.0
2014-07-28,3785,3785,3659,3705,73755,88560.0,10800000.0
2014-07-29,3691,3718,3673,3683,77272,88020.0,10800000.0
2014-07-30,3682,3704,3664,3679,77471,87912.0,10800000.0
2014-07-31,3654,3677,3320,3539,119794,84564.0,10800000.0
2014-08-01,3406,3519,3406,3475,38060,83052.0,10800000.0
2014-08-04,3460,3583,3460,3552,35541,84888.0,10800000.0
2014-08-05,3551,3600,3388,3494,25294,83484.0,10800000.0
2014-08-06,3506,3551,3406,3412,40696,81540.0,10800000.0
2014-08-07,3411,3469,3338,3376,45720,80676.0,10800000.0
2014-08-08,3351,3365,3102,3190,68622,76248.0,10800000.0
2014-08-11,3189,3252,3189,3237,39469,77328.0,10800000.0
2014-08-12,3225,3425,3225,3425,62772,81864.0,10800000.0
2014-08-13,3438,3881,3438,3711,313586,88668.0,10800000.0
2014-08-14,3763,3822,3654,3814,72763,91152.0,10800000.0
2014-08-18,3759,3813,3654,3683,54632,88020.0,10800000.0
2014-08-19,3664,3790,3664,3773,50760,90180.0,10800000.0
2014-08-20,3776,3867,3776,3819,59701,91260.0,10800000.0
2014-08-21,3862,4008,3840,3977,122875,95040.0,10800000.0
2014-08-22,4012,4034,3917,3940,45836,94176.0,10800000.0
2014-08-25,3940,3957,3790,3823,36149,91368.0,10800000.0
2014-08-26,3840,3903,3803,3823,28626,91368.0,10800000.0
2014-08-27,3803,3844,3741,3755,30224,89748.0,10800000.0
2014-08-28,3726,3840,3726,3760,28170,89856.0,10800000.0
2014-08-29,3826,4016,3741,3842,92514,91800.0,10800000.0
2014-09-01,3840,3998,3840,3913,137704,93528.0,10800000.0
2014-09-02,3934,4029,3899,3977,85896,95040.0,10800000.0
2014-09-03,4016,4089,3943,3959,90374,94608.0,10800000.0
2014-09-04,3998,4025,3840,3854,52915,92124.0,10800000.0
2014-09-05,3881,3926,3795,3905,29926,93312.0,10800000.0
2014-09-11,3890,4142,3890,4089,96523,97740.0,10800000.0
2014-09-12,4093,4134,4029,4062,39434,97092.0,10800000.0
2014-09-15,4106,4197,4084,4158,62220,99360.0,10800000.0
2014-09-16,4160,4296,4156,4198,57798,100332.0,10800000.0
2014-09-17,4265,4287,4170,4239,37307,101304.0,10800000.0
2014-09-18,4237,4282,4175,4229,46329,101088.0,10800000.0
2014-09-19,4233,4368,4216,4229,30774,101088.0,10800000.0
2014-09-22,4246,4246,4029,4054,62139,96876.0,10800000.0
2014-09-23,4066,4066,3755,3954,114344,94500.0,10800000.0
2014-09-24,3912,4034,3881,3954,56734,94500.0,10800000.0
2014-09-25,3993,4048,3948,3968,40640,94824.0,10800000.0
2014-09-26,3967,4034,3867,3986,31825,95256.0,10800000.0
2014-09-29,3984,3993,3862,3869,40511,92448.0,10800000.0
2014-09-30,3822,3862,3682,3751,66043,89640.0,10800000.0
2014-10-01,3745,3840,3592,3661,59171,87480.0,10800000.0
2014-10-02,3573,3637,3501,3539,60945,84564.0,10800000.0
2014-10-06,3546,3609,3497,3516,27522,84024.0,10800000.0
2014-10-07,3501,3537,3478,3480,27824,83160.0,10800000.0
2014-10-08,3411,3514,3298,3339,58162,79812.0,10800000.0
2014-10-10,3248,3279,3162,3217,73300,76896.0,10800000.0
2014-10-13,3162,3198,2981,3091,73475,73872.0,10800000.0
2014-10-14,3009,3162,3009,3114,42450,74412.0,10800000.0
2014-10-15,3112,3239,3102,3222,42110,77004.0,10800000.0
2014-10-16,3230,3239,3040,3082,39514,73656.0,10800000.0
2014-10-17,3062,3148,3062,3096,21257,73980.0,10800000.0
2014-10-20,3158,3162,3072,3091,32152,73872.0,10800000.0
2014-10-21,3148,3469,3130,3254,71953,77760.0,10800000.0
2014-10-22,3284,3379,3257,3290,17895,78624.0,10800000.0
2014-10-23,3298,3365,3162,3172,23063,75816.0,10800000.0
2014-10-24,3225,3225,3090,3096,40377,73980.0,10800000.0
2014-10-27,3117,3225,3117,3164,30519,75600.0,10800000.0
2014-10-28,3198,3248,3167,3217,30375,76896.0,10800000.0
2014-10-29,3217,3343,3217,3258,25901,77868.0,10800000.0
2014-10-30,3275,3325,3248,3298,26564,78840.0,10800000.0
2014-10-31,3298,3320,3225,3313,26736,79164.0,10800000.0
2014-11-03,3320,3406,3244,3254,29951,77760.0,10800000.0
2014-11-04,3279,3279,3085,3164,53474,75600.0,10800000.0
2014-11-05,3130,3176,3018,3023,33164,72252.0,10800000.0
2014-11-06,2995,3062,2959,3041,73721,72684.0,10800000.0
2014-11-07,3026,3108,3009,3105,19906,74196.0,10800000.0
2014-11-10,3158,3261,3108,3263,18316,77976.0,10800000.0
2014-11-11,3270,3302,3208,3285,29451,78516.0,10800000.0
2014-11-12,3230,3298,3217,3281,17701,78408.0,10800000.0
2014-11-13,3279,3438,3266,3408,68301,81432.0,10800000.0
2014-11-14,3438,3682,3438,3593,80162,85860.0,10800000.0
2014-11-17,3654,3871,3618,3705,79440,88560.0,10800000.0
2014-11-18,3713,3921,3578,3638,53367,86940.0,10800000.0
2014-11-19,3600,3776,3487,3778,91048,90288.0,10800000.0
2014-11-20,3862,3862,3755,3814,51738,91152.0,10800000.0
2014-11-21,3822,3836,3759,3819,27989,91260.0,10800000.0
2014-11-24,3826,3876,3813,3819,33325,91260.0,10800000.0
2014-11-25,3808,3894,3808,3864,30956,92340.0,10800000.0
2014-11-26,3862,4008,3840,3977,44674,95040.0,10800000.0
2014-11-27,4043,4048,3957,3959,36200,94608.0,10800000.0
2014-11-28,3975,4540,3907,4542,114953,108540.0,10800000.0
2014-12-01,5106,5218,5082,5220,496714,124740.0,10800000.0
2014-12-02,5512,5602,4924,5084,1005946,121500.0,10800000.0
2014-12-03,5128,5196,4857,5084,713055,121500.0,10800000.0
2014-12-04,5196,5512,5038,5129,962464,122580.0,10800000.0
2014-12-05,5172,5376,5038,5220,391275,124740.0,10800000.0
2014-12-08,5354,5489,5196,5310,350600,126900.0,10800000.0
2014-12-09,5331,5829,5309,5445,861512,130140.0,10800000.0
2014-12-10,5421,5489,5240,5423,213810,129600.0,10800000.0
2014-12-11,5489,5761,5421,5626,304285,134460.0,10800000.0
2014-12-12,5693,5829,5535,5626,276526,134460.0,10800000.0
2014-12-15,5670,5738,5331,5468,270272,130680.0,10800000.0
2014-12-16,5376,5399,5106,5152,313476,123120.0,10800000.0
2014-12-17,5172,5331,5038,5197,204169,124200.0,10800000.0
2014-12-18,5286,5354,5106,5355,162332,127980.0,10800000.0
2014-12-19,5421,5489,5218,5287,132548,126360.0,10800000.0
2014-12-22,5309,5309,4902,5152,141414,123120.0,10800000.0
2014-12-23,5286,5354,5106,5197,112078,124200.0,10800000.0
2014-12-24,5196,5309,5015,5084,91694,121500.0,10800000.0
2014-12-26,5106,5128,4947,4971,149885,118800.0,10800000.0
2014-12-29,4924,4992,4698,4993,167185,119340.0,10800000.0
2014-12-30,5038,5038,4812,4858,90452,116100.0,10800000.0
2015-01-02,4857,4947,4766,4858,82536,116100.0,10800000.0
2015-01-05,4992,5580,4970,5468,652983,130680.0,10800000.0
2015-01-06,5354,5489,5286,5401,236523,129060.0,10800000.0
2015-01-07,5445,5580,5218,5355,249788,127980.0,10800000.0
2015-01-08,5354,5715,5263,5671,287063,135540.0,10800000.0
2015-01-09,5715,6009,5580,5650,355919,135000.0,10800000.0
2015-01-12,5602,5715,5445,5717,171494,136620.0,10800000.0
2015-01-13,5715,5784,5557,5717,115808,136620.0,10800000.0
2015-01-14,5715,5784,5602,5762,71856,137700.0,10800000.0
2015-01-15,5738,6347,5715,6101,398601,145800.0,10800000.0
2015-01-16,6099,6122,5873,5989,129725,143100.0,10800000.0
2015-01-19,5987,6031,5896,5965,64882,142560.0,10800000.0
2015-01-20,5873,5941,5670,5740,143364,137160.0,10800000.0
2015-01-21,5738,6099,5693,5965,162186,142560.0,10800000.0
2015-01-22,6145,6506,5963,6147,313945,146880.0,10800000.0
2015-01-23,6258,6347,6122,6191,94901,147960.0,10800000.0
2015-01-26,6189,6280,5873,6010,124366,143640.0,10800000.0
2015-01-27,6009,6099,5784,5830,113460,139320.0,10800000.0
2015-01-28,5829,5987,5829,5965,79816,142560.0,10800000.0
2015-01-29,5941,5941,5761,5830,83805,139320.0,10800000.0
2015-01-30,5829,5919,5693,5694,84840,136080.0,10800000.0
2015-02-02,5693,5693,5512,5581,104681,133380.0,10800000.0
2015-02-03,5647,5784,5467,5762,92693,137700.0,10800000.0
2015-02-04,5761,6122,5693,6124,157380,146340.0,10800000.0
2015-02-05,6122,6438,6077,6395,227266,152820.0,10800000.0
2015-02-06,6393,7319,6347,7298,608780,174420.0,10800000.0
2015-02-09,7365,7613,6506,7028,851254,167940.0,10800000.0
2015-02-10,7003,7952,6754,7412,578551,177120.0,10800000.0
2015-02-11,7546,7839,7343,7457,227446,178200.0,10800000.0
2015-02-12,7568,8405,7409,8202,388888,196020.0,10800000.0
2015-02-13,8315,8833,7839,8135,316520,194400.0,10800000.0
2015-02-16,8133,8517,7998,8021,143274,191700.0,10800000.0
2015-02-17,7975,8042,7387,7547,236390,180360.0,10800000.0
2015-02-23,7500,7885,7500,7773,230553,185760.0,10800000.0
2015-02-24,7934,8503,7880,8152,115839,162540.0,10800000.0
2015-02-25,8178,8205,7744,7854,80824,156600.0,10800000.0
2015-02-26,7989,8042,7718,7800,74984,155520.0,10800000.0
2015-02-27,7718,8666,7609,8667,192423,172800.0,10800000.0
2015-03-02,8666,9614,8124,8667,525384,172800.0,10800000.0
2015-03-03,8828,8856,8340,8342,148838,166320.0,10800000.0
2015-03-04,8314,8639,8016,8207,172077,163620.0,10800000.0
2015-03-05,8558,8666,8205,8207,297278,163620.0,10800000.0
2015-03-06,8340,8340,7907,7963,404689,158760.0,10800000.0
2015-03-09,7989,8205,7799,7963,202227,158760.0,10800000.0
2015-03-10,8070,8340,7907,8152,256910,162540.0,10800000.0
2015-03-11,8151,8774,8097,8775,545695,174960.0,10800000.0
2015-03-12,8720,9559,8666,9533,1040974,190080.0,10800000.0
2015-03-13,9397,9532,9044,9398,365000,187380.0,10800000.0
2015-03-16,9234,9316,8909,9100,292049,181440.0,10800000.0
2015-03-17,8909,10183,8828,9696,980852,231984.0,12960000.0
2015-03-18,9667,10372,9505,10075,668596,241056.0,12960000.0
2015-03-19,9939,10183,9397,9398,433948,224856.0,12960000.0
2015-03-20,9695,10534,9397,10265,983447,245592.0,12960000.0
2015-03-23,10372,10588,10183,10237,379042,244944.0,12960000.0
2015-03-24,10399,10426,10101,10346,175396,247536.0,12960000.0
2015-03-25,10453,10481,9858,9858,283475,235872.0,12960000.0
2015-03-26,9776,10047,9370,9479,361652,226800.0,12960000.0
2015-03-27,9586,9722,9181,9398,409065,224856.0,12960000.0
2015-03-30,9018,9262,8828,9072,1686912,217080.0,12960000.0
2015-03-31,9288,9749,9262,9452,1008652,226152.0,12960000.0
2015-04-01,9288,9397,8882,9046,489410,216432.0,12960000.0
2015-04-02,9207,9397,8937,8937,346927,213840.0,12960000.0
2015-04-03,8991,9181,8828,9128,177748,218376.0,12960000.0
2015-04-06,9044,9397,8937,9100,274262,217728.0,12960000.0
2015-04-07,9100,9722,9100,9696,589631,231984.0,12960000.0
2015-04-08,9722,9939,9532,9614,336903,230040.0,12960000.0
2015-04-09,9614,9749,9018,9236,540799,220968.0,12960000.0
2015-04-10,9262,9424,9072,9209,289623,220320.0,12960000.0
2015-04-13,9181,9288,8340,8531,805473,204120.0,12960000.0
2015-04-14,8558,8611,8097,8152,636250,195048.0,12960000.0
2015-04-15,8259,8558,8178,8531,351142,204120.0,12960000.0
2015-04-16,8530,8611,8259,8288,262300,198288.0,12960000.0
2015-04-17,8449,8530,8205,8261,1200531,197640.0,12960000.0
2015-04-20,8097,8124,7528,7556,887797,180792.0,12960000.0
2015-04-21,7663,7825,7284,7665,975926,183384.0,12960000.0
2015-04-22,7853,7880,7067,7529,613898,180144.0,12960000.0
2015-04-23,7528,7663,7149,7205,352621,172368.0,12960000.0
2015-04-24,7203,7393,7040,7205,291486,172368.0,12960000.0
2015-04-27,7203,7257,6878,7042,409164,168480.0,12960000.0
2015-04-28,7040,7149,6797,6798,403401,162648.0,12960000.0
2015-04-29,7014,7474,6959,7259,954447,173664.0,12960000.0
2015-04-30,7284,7284,6770,6771,476055,162000.0,12960000.0
2015-05-04,6824,6824,6119,6148,712749,147096.0,12960000.0
2015-05-06,5984,6255,5931,6094,404954,145800.0,12960000.0
2015-05-07,6093,6336,5931,6229,293077,149040.0,12960000.0
2015-05-08,6282,6499,6200,6338,218753,151632.0,12960000.0
2015-05-11,6526,6526,6363,6419,188992,153576.0,12960000.0
2015-05-12,6391,6417,6012,6040,322989,144504.0,12960000.0
2015-05-13,6066,6336,5984,6256,242603,149688.0,12960000.0
2015-05-14,6391,7067,6336,6825,956415,163296.0,12960000.0
2015-05-15,6986,7067,6689,6689,404841,160056.0,12960000.0
2015-05-18,5795,5957,5686,5687,555680,136080.0,12960000.0
2015-05-19,5399,5497,5199,5314,1271197,127138.0,12960000.0
2015-05-20,5442,5470,4939,5016,1288635,120010.0,12960000.0
2015-05-21,5015,5069,4760,4929,713502,117936.0,12960000.0
2015-05-22,4971,5058,4814,4837,594884,115733.0,12960000.0
2015-05-26,4884,4923,4717,4783,415740,114437.0,12960000.0
2015-05-27,4787,4884,4771,4783,305646,114437.0,12960000.0
2015-05-28,4836,4939,4766,4767,416171,114048.0,12960000.0
2015-05-29,4738,4884,4706,4881,342572,116770.0,12960000.0
2015-06-01,4906,4906,4603,4669,347227,111715.0,12960000.0
2015-06-02,4701,4744,4550,4583,243192,109642.0,12960000.0
2015-06-03,4555,4717,4494,4502,282778,107698.0,12960000.0
2015-06-04,4517,4673,4484,4631,256453,110808.0,12960000.0
2015-06-05,4603,4690,4565,4659,140392,111456.0,12960000.0
2015-06-08,4641,4798,4636,4642,255341,111067.0,12960000.0
2015-06-09,4646,4847,4646,4821,218999,115344.0,12960000.0
2015-06-10,4819,4836,4500,4561,347004,109123.0,12960000.0
2015-06-11,4570,4625,4457,4474,161751,107050.0,12960000.0
2015-06-12,4500,4517,4186,4285,227265,102514.0,12960000.0
2015-06-15,4224,4381,4197,4230,96185,101218.0,12960000.0
2015-06-16,4191,4288,4089,4236,106250,101347.0,12960000.0
2015-06-17,4262,4473,4207,4360,210079,104328.0,12960000.0
2015-06-18,4359,4386,4180,4182,149867,100051.0,12960000.0
2015-06-19,4224,4603,4213,4522,465339,108216.0,12960000.0
2015-06-22,4527,4570,4418,4561,136546,109123.0,12960000.0
2015-06-23,4560,4782,4550,4713,304277,112752.0,12960000.0
2015-06-24,4706,4819,4646,4719,286799,112882.0,12960000.0
2015-06-25,4712,4760,4625,4680,150121,111974.0,12960000.0
2015-06-26,4614,4657,4435,4436,257125,106142.0,12960000.0
2015-06-29,4381,4960,4359,4821,893578,115344.0,12960000.0
2015-06-30,4792,4819,4636,4740,230886,113400.0,12960000.0
2015-07-01,4766,4917,4657,4892,316419,117029.0,12960000.0
2015-07-02,4912,4912,4717,4761,248438,113918.0,12960000.0
2015-07-03,4760,4777,4614,4674,182371,111845.0,12960000.0
2015-07-06,4641,4749,4441,4452,233599,106531.0,12960000.0
2015-07-07,4538,4587,4429,4550,159346,108864.0,12960000.0
2015-07-08,4565,4587,4348,4415,130099,105624.0,12960000.0
2015-07-09,4376,4533,4224,4534,127233,108475.0,12960000.0
2015-07-10,4550,4565,4424,4464,103160,106790.0,12960000.0
2015-07-13,4462,4663,4462,4642,135641,111067.0,12960000.0
2015-07-14,4636,4673,4565,4674,146205,111845.0,12960000.0
2015-07-15,4651,4733,4598,4729,118252,113141.0,12960000.0
2015-07-16,4771,5497,4771,5412,1780991,129470.0,12960000.0
2015-07-17,5442,5497,5150,5227,447863,125064.0,12960000.0
2015-07-20,5232,5605,5145,5395,647407,129082.0,12960000.0
2015-07-21,5497,5633,5232,5580,524370,133488.0,12960000.0
2015-07-22,5551,5578,5308,5319,297100,127267.0,12960000.0
2015-07-23,5415,5415,5117,5146,266854,123120.0,12960000.0
2015-07-24,5139,5296,5117,5151,138290,123250.0,12960000.0
2015-07-27,5167,5226,4966,5027,194914,120269.0,12960000.0
2015-07-28,4934,4976,4782,4886,171901,116899.0,12960000.0
2015-07-29,4884,5155,4825,4946,177526,118325.0,12960000.0
2015-07-30,4939,5324,4939,5227,277847,125064.0,12960000.0
2015-07-31,5258,5334,5058,5064,169488,121176.0,12960000.0
2015-08-03,4993,5226,4939,4978,96096,119102.0,12960000.0
2015-08-04,4934,5080,4923,5044,95351,120658.0,12960000.0
2015-08-05,5036,5134,4971,4973,114216,118973.0,12960000.0
2015-08-06,5009,5302,4971,5151,227943,123250.0,12960000.0
2015-08-07,5117,5291,5112,5281,141895,126360.0,12960000.0
2015-08-10,5318,5410,5150,5184,231958,124027.0,12960000.0
2015-08-11,5226,5237,4934,4935,129294,118066.0,12960000.0
2015-08-12,4912,5020,4641,4865,186976,116381.0,12960000.0
2015-08-13,4852,5091,4852,5075,126459,121435.0,12960000.0
2015-08-17,5145,5172,4852,4956,190233,118584.0,12960000.0
2015-08-18,4928,4928,4300,4334,301904,103680.0,12960000.0
2015-08-19,4126,4288,3915,4062,347233,97200.0,12960000.0
2015-08-20,3861,4104,3861,3900,179334,93312.0,12960000.0
2015-08-21,3574,3720,3530,3548,245260,84888.0,12960000.0
2015-08-24,3466,3899,3466,3781,201646,90461.0,12960000.0
2015-08-25,3720,3996,3720,3981,114254,95256.0,12960000.0
2015-08-26,3975,4018,3829,3971,115680,94997.0,12960000.0
2015-08-27,4039,4045,3899,3960,82677,94738.0,12960000.0
2015-08-28,4039,4137,3991,4031,135132,96422.0,12960000.0
2015-08-31,4099,4116,4023,4068,83033,97330.0,12960000.0
2015-09-01,4061,4116,4028,4031,63109,96422.0,12960000.0
2015-09-02,3937,4045,3899,4008,92605,95904.0,12960000.0
2015-09-03,4116,4207,4056,4117,132491,98496.0,12960000.0
2015-09-04,4132,4213,3958,3998,108808,95645.0,12960000.0
2015-09-07,3969,4170,3871,4084,66319,97718.0,12960000.0
2015-09-08,4056,4116,3920,3965,54246,94867.0,12960000.0
2015-09-09,3986,4348,3986,4301,132997,102902.0,12960000.0
2015-09-10,4300,4359,4170,4328,47169,103550.0,12960000.0
2015-09-11,4332,4386,4267,4344,59056,103939.0,12960000.0
2015-09-14,4381,4555,4365,4469,130655,106920.0,12960000.0
2015-09-15,4468,4494,4403,4469,41765,106920.0,12960000.0
2015-09-16,4479,4603,4403,4415,77684,105624.0,12960000.0
2015-09-17,4418,4468,4332,4376,38732,104717.0,12960000.0
2015-09-18,4517,4517,4337,4355,60392,104198.0,12960000.0
2015-09-21,4392,4424,4283,4306,40971,103032.0,12960000.0
2015-09-22,4305,4413,4294,4360,65572,104328.0,12960000.0
2015-09-23,4359,4403,4267,4269,47292,102125.0,12960000.0
2015-09-24,4343,4343,4224,4323,32996,103421.0,12960000.0
2015-09-25,4386,4418,4278,4409,36094,105494.0,12960000.0
2015-09-30,4386,4392,4272,4279,70000,102384.0,12960000.0
2015-10-01,4288,4511,4283,4447,87705,106402.0,12960000.0
2015-10-02,4446,4484,4376,4464,40620,106790.0,12960000.0
2015-10-05,4462,4646,4452,4512,99991,107957.0,12960000.0
2015-10-06,4527,4912,4527,4848,266505,115992.0,12960000.0
2015-10-07,4858,4884,4712,4740,96588,113400.0,12960000.0
2015-10-08,4782,4814,4684,4740,46376,113400.0,12960000.0
2015-10-12,4738,4955,4722,4923,127308,117806.0,12960000.0
2015-10-13,4923,5258,4912,5178,256114,123898.0,12960000.0
2015-10-14,5177,5339,5145,5260,159989,125842.0,12960000.0
2015-10-15,5258,5313,5145,5254,68517,125712.0,12960000.0
2015-10-16,5280,5470,5199,5444,265136,130248.0,12960000.0
2015-10-19,5442,5524,5302,5347,123561,127915.0,12960000.0
2015-10-20,5308,5399,5253,5347,66265,127915.0,12960000.0
2015-10-21,5285,5361,5199,5243,72467,125453.0,12960000.0
2015-10-22,5226,5394,5182,5373,94294,128563.0,12960000.0
2015-10-23,5308,5442,5308,5347,87483,127915.0,12960000.0
2015-10-26,5334,5415,5204,5347,51298,127915.0,12960000.0
2015-10-27,5339,5366,5106,5238,64988,125323.0,12960000.0
2015-10-28,5308,5350,5193,5249,36104,125582.0,12960000.0
2015-10-29,5334,5345,5232,5243,42258,125453.0,12960000.0
2015-10-30,5145,5410,5145,5384,98122,128822.0,12960000.0
2015-11-02,5415,5415,5269,5298,44548,126749.0,12960000.0
2015-11-03,5415,5415,5269,5330,45466,127526.0,12960000.0
2015-11-04,5334,5339,5106,5140,105710,122990.0,12960000.0
2015-11-05,5187,5187,5025,5032,59654,120398.0,12960000.0
2015-11-06,5199,5199,4766,4929,60622,117936.0,12960000.0
2015-11-09,4934,4934,4717,4761,86008,113918.0,12960000.0
2015-11-10,4760,4771,4489,4512,92115,107957.0,12960000.0
2015-11-11,4424,4754,4424,4696,47647,112363.0,12960000.0
2015-11-12,4792,4895,4722,4870,48739,116510.0,12960000.0
2015-11-13,4744,4868,4668,4719,29904,112882.0,12960000.0
2015-11-16,4684,4712,4489,4502,34734,107698.0,12960000.0
2015-11-17,4446,4792,4446,4772,47254,114178.0,12960000.0
2015-11-18,4819,4900,4701,4789,34394,114566.0,12960000.0
2015-11-19,4787,4809,4706,4800,31302,114826.0,12960000.0
2015-11-20,4798,4814,4701,4810,25309,115085.0,12960000.0
2015-11-23,5139,5139,4895,5064,80741,121176.0,12960000.0
2015-11-24,5069,5074,4944,5064,39998,121176.0,12960000.0
2015-11-25,5074,5091,4976,5092,38357,121824.0,12960000.0
2015-11-26,5074,5129,5025,5092,32171,121824.0,12960000.0
2015-11-27,5106,5226,5047,5216,68968,124805.0,12960000.0
2015-11-30,5324,5578,5269,5384,165656,128822.0,12960000.0
2015-12-01,5470,5470,5269,5352,40236,128045.0,12960000.0
2015-12-02,5366,5497,5280,5330,41099,127526.0,12960000.0
2015-12-03,5308,5334,5004,5260,34543,125842.0,12960000.0
2015-12-04,5253,5308,5085,5173,40809,123768.0,12960000.0
2015-12-07,5215,5215,4966,5038,74417,120528.0,12960000.0
2015-12-08,5025,5047,4787,4789,115108,114566.0,12960000.0
2015-12-09,4608,4934,4592,4918,175400,117677.0,12960000.0
2015-12-10,5106,5535,5035,5100,78039,101736.0,12960000.0
2015-12-11,5197,5197,4924,5114,34601,101995.0,12960000.0
2015-12-14,4956,5067,4846,5009,47219,99922.0,12960000.0
2015-12-15,4885,5061,4839,4879,44157,97330.0,12960000.0
2015-12-16,4879,5197,4879,5049,36147,100699.0,12960000.0
2015-12-17,5067,5308,5061,5269,33840,105106.0,12960000.0
2015-12-18,5268,5281,5132,5178,51902,103291.0,12960000.0
2015-12-21,5320,5320,5132,5263,27400,104976.0,12960000.0
2015-12-22,5262,5301,5119,5191,27485,103550.0,12960000.0
2015-12-23,5217,5223,5119,5185,24895,103421.0,12960000.0
2015-12-24,5171,5223,5093,5224,19003,104198.0,12960000.0
2015-12-28,5262,5262,5145,5146,20407,102643.0,12960000.0
2015-12-29,5086,5164,5067,5165,18603,103032.0,12960000.0
2015-12-30,5197,5262,5132,5243,29823,104587.0,12960000.0
2016-01-04,5236,5236,5015,5049,30840,100699.0,12960000.0
2016-01-05,5028,5028,4813,4970,69922,118973.0,15552000.0
2016-01-06,4950,4995,4898,4906,33334,117418.0,15552000.0
2016-01-07,4937,4937,4677,4873,61117,116640.0,15552000.0
2016-01-08,4722,4846,4696,4815,20041,115240.0,15552000.0
2016-01-11,4742,4839,4716,4827,45594,115551.0,15552000.0
2016-01-12,4781,4930,4755,4782,44207,114463.0,15552000.0
2016-01-13,4787,4904,4755,4866,36121,116484.0,15552000.0
2016-01-14,4742,4872,4664,4769,46555,114152.0,15552000.0
2016-01-15,4827,4827,4671,4769,64193,114152.0,15552000.0
2016-01-18,4645,4794,4645,4717,34102,112908.0,15552000.0
2016-01-19,4671,4872,4580,4581,47620,109642.0,15552000.0
2016-01-20,4580,4651,4300,4386,64171,104976.0,15552000.0
2016-01-21,4327,4482,4327,4418,23742,105754.0,15552000.0
2016-01-22,4437,4449,4385,4405,35868,105443.0,15552000.0
2016-01-25,4398,4469,4352,4392,32559,105132.0,15552000.0
2016-01-26,4346,4449,4222,4353,49953,104198.0,15552000.0
2016-01-27,4352,4619,4352,4496,30955,107620.0,15552000.0
2016-01-28,4482,4482,4352,4392,29054,105132.0,15552000.0
2016-01-29,4365,4482,4339,4464,23218,106842.0,15552000.0
2016-02-01,4437,4469,4385,4386,27232,104976.0,15552000.0
2016-02-02,4320,4418,4222,4294,43745,102799.0,15552000.0
2016-02-03,4222,4287,4177,4210,43498,100777.0,15552000.0
2016-02-04,4157,4313,4014,4275,61446,102332.0,15552000.0
2016-02-05,4287,4385,4164,4236,44505,101399.0,15552000.0
2016-02-11,4190,4203,3923,3996,44063,95645.0,15552000.0
2016-02-12,3904,4008,3787,3794,120050,90824.0,15552000.0
2016-02-15,3780,4612,3780,4275,206204,102332.0,15552000.0
2016-02-16,4241,4398,4241,4308,36690,103110.0,15552000.0
2016-02-17,4307,4332,4170,4171,20714,99844.0,15552000.0
2016-02-18,4255,4287,4151,4171,31448,99844.0,15552000.0
2016-02-19,4170,4236,4145,4165,27176,99688.0,15552000.0
2016-02-22,4164,4469,4164,4437,56951,106220.0,15552000.0
2016-02-23,4437,5521,4352,4906,725390,117418.0,15552000.0
2016-02-24,4885,4885,4690,4750,131772,113685.0,15552000.0
2016-02-25,4807,5171,4775,4853,185909,116173.0,15552000.0
2016-02-26,4898,4963,4755,4756,50878,113841.0,15552000.0
2016-02-29,4762,4944,4755,4886,69027,116951.0,15552000.0
2016-03-02,4904,5190,4904,4957,87495,118662.0,15552000.0
2016-03-03,4976,5158,4872,5159,61277,123483.0,15552000.0
2016-03-04,5190,5236,5015,5146,74186,123172.0,15552000.0
2016-03-07,5100,5164,4970,4970,61298,118973.0,15552000.0
2016-03-08,5009,5047,4885,4983,28250,119284.0,15552000.0
2016-03-09,4995,4995,4839,4899,26321,117262.0,15552000.0
2016-03-10,4982,4982,4813,4821,37638,115396.0,15552000.0
2016-03-11,4859,5119,4839,5055,60973,120995.0,15552000.0
2016-03-14,5132,5132,5002,5042,52868,120684.0,15552000.0
2016-03-15,5002,5275,4930,4970,121072,118973.0,15552000.0
2016-03-16,4963,5061,4885,5009,46781,119906.0,15552000.0
2016-03-17,5047,5100,4918,5055,32532,120995.0,15552000.0
2016-03-18,5067,5152,4944,5152,43782,123327.0,15552000.0
2016-03-21,5132,5249,5093,5152,85341,123327.0,15552000.0
2016-03-22,5132,5359,5093,5327,174418,127526.0,15552000.0
2016-03-23,5372,5411,5223,5327,118242,127526.0,15552000.0
2016-03-24,5294,5346,5197,5263,105902,125971.0,15552000.0
2016-03-25,5262,5334,5217,5282,38715,126438.0,15552000.0
2016-03-28,5262,5275,5015,5035,77854,120528.0,15552000.0
2016-03-29,5035,5080,4989,5003,40630,119750.0,15552000.0
2016-03-30,5100,5223,5054,5133,50054,122861.0,15552000.0
2016-03-31,5138,5281,5106,5126,39789,122705.0,15552000.0
2016-04-01,5138,5262,5126,5133,34244,122861.0,15552000.0
2016-04-04,5190,5314,5132,5243,76483,125505.0,15552000.0
2016-04-05,5320,5320,5197,5236,37258,125349.0,15552000.0
2016-04-06,5268,5314,5197,5282,50164,126438.0,15552000.0
2016-04-07,5359,5619,5301,5529,309768,132348.0,15552000.0
2016-04-08,5528,5925,5470,5828,434979,139501.0,15552000.0
2016-04-11,5918,6061,5846,5990,268351,143389.0,15552000.0
2016-04-12,6009,6009,5769,5945,132636,142301.0,15552000.0
2016-04-14,5925,6002,5827,5971,104302,142923.0,15552000.0
2016-04-15,5977,6009,5886,5990,77131,143389.0,15552000.0
2016-04-18,5996,6042,5853,5906,81640,141368.0,15552000.0
2016-04-19,5911,5911,5755,5782,81800,138413.0,15552000.0
2016-04-20,5886,5886,5638,5640,88125,134991.0,15552000.0
2016-04-21,5638,5801,5638,5737,55273,137324.0,15552000.0
2016-04-22,5697,5846,5658,5737,44591,137324.0,15552000.0
2016-04-25,5749,5749,5638,5672,40670,135769.0,15552000.0
2016-04-26,5671,5743,5561,5698,70361,136391.0,15552000.0
2016-04-27,5697,5743,5574,5575,53213,133436.0,15552000.0
2016-04-28,5587,5638,5516,5575,54272,133436.0,15552000.0
2016-04-29,5542,5645,5320,5451,74481,130481.0,15552000.0
2016-05-02,5521,5535,5334,5406,80896,129393.0,15552000.0
2016-05-03,5398,5398,5236,5263,76533,125971.0,15552000.0
2016-05-04,5210,5385,5203,5327,32068,127526.0,15552000.0
2016-05-09,5314,5314,5138,5178,60931,123949.0,15552000.0
2016-05-10,5132,5262,5132,5211,68281,124727.0,15552000.0
2016-05-11,5210,5385,5210,5334,58358,127682.0,15552000.0
2016-05-12,5372,5418,5243,5295,94051,126749.0,15552000.0
2016-05-13,5294,5372,5236,5289,50041,126593.0,15552000.0
2016-05-16,5294,5567,5249,5458,133646,130637.0,15552000.0
2016-05-17,5457,5521,5308,5308,88279,127060.0,15552000.0
2016-05-18,5327,5359,5002,5068,114942,121306.0,15552000.0
2016-05-19,5100,5171,5061,5087,51338,121772.0,15552000.0
2016-05-20,5047,5152,5047,5068,35643,121306.0,15552000.0
2016-05-23,5106,5106,4911,4983,59512,119284.0,15552000.0
2016-05-24,4963,5041,4879,4912,65785,117573.0,15552000.0
2016-05-25,4963,5041,4879,4879,39359,116796.0,15552000.0
2016-05-26,4950,4950,4794,4795,47168,114774.0,15552000.0
2016-05-27,4794,4995,4775,4906,54748,117418.0,15552000.0
2016-05-30,4885,5067,4885,4918,60124,117729.0,15552000.0
2016-05-31,4872,4937,4846,4847,68729,116018.0,15552000.0
2016-06-01,4898,4898,4833,4866,47136,116484.0,15552000.0
2016-06-02,4865,4904,4853,4873,32311,116640.0,15552000.0
2016-06-03,4859,4930,4853,4906,28717,117418.0,15552000.0
2016-06-07,4885,4956,4722,4821,55277,115396.0,15552000.0
2016-06-08,4762,4820,4612,4659,119581,111508.0,15552000.0
2016-06-09,4631,4710,4631,4639,40781,111041.0,15552000.0
2016-06-10,4638,4716,4625,4691,37870,112285.0,15552000.0
2016-06-13,4638,4710,4560,4645,46058,111197.0,15552000.0
2016-06-14,4612,4651,4463,4535,92601,108553.0,15552000.0
2016-06-15,4534,4710,4521,4704,70887,112596.0,15552000.0
2016-06-16,4722,4768,4508,4535,58637,108553.0,15552000.0
2016-06-17,4547,4677,4547,4659,40874,111508.0,15552000.0
2016-06-20,4625,4729,4612,4730,33229,113219.0,15552000.0
2016-06-21,4762,4762,4657,4691,32514,112285.0,15552000.0
2016-06-22,4664,4742,4651,4710,27479,112752.0,15552000.0
2016-06-23,4710,4710,4625,4659,29201,111508.0,15552000.0
2016-06-24,4736,4736,3995,4418,149887,105754.0,15552000.0
2016-06-27,4099,4456,4099,4392,72988,105132.0,15552000.0
2016-06-28,4359,4567,4300,4528,58005,108397.0,15552000.0
2016-06-29,4554,4612,4547,4600,48100,110108.0,15552000.0
2016-06-30,4638,4664,4580,4665,34608,111663.0,15552000.0
2016-07-01,4651,4742,4638,4743,40823,113530.0,15552000.0
2016-07-04,4774,4794,4651,4698,31368,112441.0,15552000.0
2016-07-05,4684,4781,4645,4684,31871,112130.0,15552000.0
2016-07-06,4651,4696,4605,4665,30533,111663.0,15552000.0
2016-07-07,4748,4787,4625,4762,48249,113996.0,15552000.0
2016-07-08,4762,4787,4671,4710,23705,112752.0,15552000.0
2016-07-11,4710,4736,4547,4659,38842,111508.0,15552000.0
2016-07-12,4657,4846,4638,4808,62304,115085.0,15552000.0
2016-07-13,4762,4833,4762,4808,27304,115085.0,15552000.0
2016-07-14,4801,4970,4696,4918,65573,117729.0,15552000.0
2016-07-15,4918,4956,4865,4918,29499,117729.0,15552000.0
2016-07-18,4924,4950,4794,4834,35285,115707.0,15552000.0
2016-07-19,4787,4833,4748,4775,24350,114307.0,15552000.0
2016-07-20,4781,4827,4762,4795,13587,114774.0,15552000.0
2016-07-21,4794,4995,4794,4918,75656,117729.0,15552000.0
2016-07-22,4879,4995,4879,4997,46483,119595.0,15552000.0
2016-07-25,5002,5093,4995,5028,60208,120372.0,15552000.0
2016-07-26,5028,5041,4918,4964,31179,118817.0,15552000.0
2016-07-27,5002,5009,4918,4938,20764,118195.0,15552000.0
2016-07-28,4944,5047,4918,4990,16554,119439.0,15552000.0
2016-07-29,5015,5015,4839,4964,27376,118817.0,15552000.0
2016-08-01,4963,5009,4898,4932,31320,118040.0,15552000.0
2016-08-02,4937,4944,4892,4925,16184,117884.0,15552000.0
2016-08-03,4865,5294,4865,5217,198839,124883.0,15552000.0
2016-08-04,5308,5372,5217,5360,173446,128304.0,15552000.0
2016-08-05,5359,5457,5093,5327,143498,127526.0,15552000.0
2016-08-08,5334,5502,5268,5406,143731,129393.0,15552000.0
2016-08-09,5736,7016,5736,5834,7291581,139657.0,15552000.0
2016-08-10,5788,6171,5652,5659,1716049,135458.0,15552000.0
2016-08-11,5736,6107,5619,6107,1563089,146189.0,15552000.0
2016-08-12,6054,6236,5944,5997,1085940,143545.0,15552000.0
2016-08-16,6087,6093,5684,5685,498645,136080.0,15552000.0
2016-08-17,5587,5879,5516,5880,389293,140746.0,15552000.0
2016-08-18,5931,6009,5704,5984,456727,143234.0,15552000.0
2016-08-19,6145,6236,5996,6016,799679,144012.0,15552000.0
2016-08-22,6048,6191,5840,6121,488736,146500.0,15552000.0
2016-08-23,6126,6250,5937,5945,309323,142301.0,15552000.0
2016-08-24,5944,5983,5736,5750,286191,137635.0,15552000.0
2016-08-25,5801,5866,5633,5737,197328,137324.0,15552000.0
2016-08-26,5782,5853,5521,5581,251441,133592.0,15552000.0
2016-08-29,5521,5567,5334,5373,288007,128615.0,15552000.0
2016-08-30,5392,5476,5255,5276,249973,126282.0,15552000.0
2016-08-31,5249,5561,5197,5471,284132,130948.0,15552000.0
2016-09-01,5294,5425,5106,5315,512200,127215.0,15552000.0
2016-09-02,5236,5366,5236,5276,84345,126282.0,15552000.0
2016-09-05,5262,5470,5262,5451,102604,130481.0,15552000.0
2016-09-06,5418,5476,5320,5458,115796,130637.0,15552000.0
2016-09-07,5476,5489,5320,5322,104705,127371.0,15552000.0
2016-09-08,5320,5392,5190,5393,130026,129082.0,15552000.0
2016-09-09,5457,5509,5334,5458,180983,130637.0,15552000.0
2016-09-12,5197,5320,4950,5061,292084,121150.0,15552000.0
2016-09-13,5093,5190,5093,5119,94476,122550.0,15552000.0
2016-09-19,5126,5339,5073,5263,96082,125971.0,15552000.0
2016-09-20,5262,5359,5243,5315,55312,127215.0,15552000.0
2016-09-21,5314,5392,5223,5243,66546,125505.0,15552000.0
2016-09-22,5294,5339,5223,5289,101613,126593.0,15552000.0
2016-09-23,5294,5372,5223,5341,115766,127837.0,15552000.0
2016-09-26,5346,5483,5327,5406,110376,129393.0,15552000.0
2016-09-27,5366,5418,5255,5322,79618,127371.0,15552000.0
2016-09-28,5301,5392,5217,5327,134865,127526.0,15552000.0
2016-09-29,5385,5385,5249,5256,59183,125816.0,15552000.0
2016-09-30,5294,5294,5158,5159,100683,123483.0,15552000.0
2016-10-04,5132,5229,5132,5211,51754,124727.0,15552000.0
2016-10-05,5158,5229,5158,5178,57838,123949.0,15552000.0
2016-10-06,5249,5249,5100,5107,64761,122239.0,15552000.0
2016-10-07,5100,5203,5086,5094,48615,121928.0,15552000.0
2016-10-10,5035,5080,4839,4899,209857,117262.0,15552000.0
2016-10-11,4748,4833,4657,4672,161467,111819.0,15552000.0
2016-10-12,4612,4813,4612,4808,137583,115085.0,15552000.0
2016-10-13,4807,4820,4664,4691,78828,112285.0,15552000.0
2016-10-14,4690,4742,4671,4743,31636,113530.0,15552000.0
2016-10-17,4722,4892,4722,4879,59881,116796.0,15552000.0
2016-10-18,4885,4956,4781,4957,56668,118662.0,15552000.0
2016-10-19,4995,4995,4879,4912,22497,117573.0,15552000.0
2016-10-20,4963,5015,4930,5016,49125,120061.0,15552000.0
2016-10-21,5015,5015,4904,4977,40744,119128.0,15552000.0
2016-10-24,5002,5015,4827,4860,42361,116329.0,15552000.0
2016-10-25,4859,4924,4768,4925,59377,117884.0,15552000.0
2016-10-26,4924,4995,4696,4925,54620,117884.0,15552000.0
2016-10-27,4846,5009,4846,4970,24158,118973.0,15552000.0
2016-10-28,5021,5035,4937,4990,29940,119439.0,15552000.0
2016-10-31,4989,5035,4807,4873,36693,116640.0,15552000.0
2016-11-01,4560,4872,4560,4769,28919,114152.0,15552000.0
2016-11-02,4703,4742,4631,4704,42943,112596.0,15552000.0
2016-11-03,4677,4801,4657,4795,14661,114774.0,15552000.0
2016-11-04,4794,4794,4684,4769,24047,114152.0,15552000.0
2016-11-07,4703,4995,4703,4938,46216,118195.0,15552000.0
2016-11-08,4995,5002,4898,5003,29464,119750.0,15552000.0
2016-11-09,4995,4995,4547,4769,112544,114152.0,15552000.0
2016-11-10,4787,4970,4787,4906,40559,117418.0,15552000.0
2016-11-11,4859,4976,4813,4977,28189,119128.0,15552000.0
2016-11-14,4976,5457,4976,5217,179557,124883.0,15552000.0
2016-11-15,5223,5327,5177,5256,107626,125816.0,15552000.0
2016-11-16,5243,5314,5243,5276,42195,126282.0,15552000.0
2016-11-17,5275,5334,5223,5308,44558,127060.0,15552000.0
2016-11-18,5334,5379,5229,5360,66490,128304.0,15552000.0
2016-11-21,5301,5425,5243,5302,62785,126904.0,15552000.0
2016-11-22,5281,5392,5281,5360,50618,128304.0,15552000.0
2016-11-23,5398,5411,5132,5231,97843,125194.0,15552000.0
2016-11-24,5229,5262,5132,5152,50955,123327.0,15552000.0
2016-11-25,5138,5294,5132,5289,43547,126593.0,15552000.0
2016-11-28,5301,5385,5262,5302,55639,126904.0,15552000.0
2016-11-29,5262,5392,5217,5367,45928,128460.0,15552000.0
2016-11-30,5366,5398,5288,5393,44908,129082.0,15552000.0
2016-12-01,5392,5425,5243,5295,49282,126749.0,15552000.0
2016-12-02,5301,5353,5171,5185,32607,124105.0,15552000.0
2016-12-05,5132,5339,5132,5217,83555,124883.0,15552000.0
2016-12-06,5275,5359,5223,5327,62711,127526.0,15552000.0
2016-12-07,5372,5372,5229,5315,43235,127215.0,15552000.0
2016-12-08,5372,5430,5268,5413,76968,129548.0,15552000.0
2016-12-09,5411,5476,5359,5406,52176,129393.0,15552000.0
2016-12-12,5502,5502,5339,5406,61773,129393.0,15552000.0
2016-12-13,5418,5587,5372,5581,123775,133592.0,15552000.0
2016-12-14,5684,5684,5476,5581,92804,133592.0,15552000.0
2016-12-15,5542,5671,5535,5640,53733,134991.0,15552000.0
2016-12-16,5638,5684,5516,5685,59630,136080.0,15552000.0
2016-12-19,5633,5749,5612,5691,56607,136236.0,15552000.0
2016-12-20,5691,5729,5489,5555,78084,132970.0,15552000.0
2016-12-21,5554,5684,5554,5666,66377,135613.0,15552000.0
2016-12-22,5633,5769,5633,5743,78565,137480.0,15552000.0
2016-12-23,5782,5782,5678,5757,54820,137791.0,15552000.0
2016-12-26,5782,5918,5782,5848,156458,139968.0,15552000.0
2016-12-27,5905,5925,5795,5925,108641,141834.0,15552000.0
2016-12-28,5905,5905,5489,5848,110154,139968.0,15552000.0
2016-12-29,5795,5879,5717,5717,49760,136858.0,15552000.0
2017-01-02,5717,5749,5606,5717,39925,136858.0,15552000.0
2017-01-03,5717,5769,5652,5743,50570,137480.0,15552000.0
2017-01-04,5814,5846,5691,5789,70640,138568.0,15552000.0
2017-01-05,5788,6048,5788,6016,234658,144012.0,15552000.0
2017-01-06,6080,6113,5918,5945,130454,142301.0,15552000.0
2017-01-09,5944,6087,5931,5939,90572,142145.0,15552000.0
2017-01-10,5963,6016,5846,5874,63424,140590.0,15552000.0
2017-01-11,5970,6119,5911,6030,135981,144323.0,15552000.0
2017-01-12,6133,6139,6002,6016,70978,144012.0,15552000.0
2017-01-13,6016,6080,5937,5945,74193,142301.0,15552000.0
2017-01-16,5944,6126,5834,5834,124234,139657.0,15552000.0
2017-01-17,5911,6074,5911,6042,144822,144634.0,15552000.0
2017-01-18,6100,6100,5957,5997,72903,143545.0,15552000.0
2017-01-19,6009,6074,5911,6004,70921,143700.0,15552000.0
2017-01-20,6002,6139,5944,6121,108519,146500.0,15552000.0
2017-01-23,6165,6334,6159,6283,193785,150388.0,15552000.0
2017-01-24,6379,6626,6315,6530,476844,156298.0,15552000.0
2017-01-25,6594,6626,6418,6530,184499,156298.0,15552000.0
2017-01-26,6594,6789,6496,6595,199725,157853.0,15552000.0
2017-01-31,6626,6853,6594,6757,195184,161741.0,15552000.0
2017-02-01,6789,6822,6626,6692,167554,160186.0,15552000.0
2017-02-02,6724,6724,6496,6595,139687,157853.0,15552000.0
2017-02-03,6594,6626,6346,6497,169468,155520.0,15552000.0
2017-02-06,6496,6561,6425,6478,84382,155053.0,15552000.0
2017-02-07,6490,6496,6236,6380,119837,152721.0,15552000.0
2017-02-08,6379,6528,6236,6497,102290,155520.0,15552000.0
2017-02-09,6496,6659,6412,6628,100156,158630.0,15552000.0
2017-02-10,6691,6724,6528,6562,71048,157075.0,15552000.0
2017-02-13,6561,6626,6464,6530,54710,156298.0,15552000.0
2017-02-14,6659,6821,6594,6595,114933,157853.0,15552000.0
2017-02-15,6594,7374,6594,7374,561764,176515.0,15552000.0
2017-02-16,7276,7341,7114,7114,297323,170294.0,15552000.0
2017-02-17,7049,7439,6951,7310,352121,174960.0,15552000.0
2017-02-20,7374,7536,7178,7407,262498,177293.0,15552000.0
2017-02-21,7471,7536,7146,7310,216195,174960.0,15552000.0
2017-02-22,6886,6886,6561,6724,2560481,160963.0,15552000.0
2017-02-23,6853,6918,6528,6822,830975,163296.0,15552000.0
2017-02-24,6930,6947,6488,6530,727231,121617.0,15552000.0
2017-02-27,6546,6613,6254,6371,326471,118662.0,15552000.0
2017-02-28,6329,6379,6204,6304,316988,117418.0,15552000.0
2017-03-02,6321,6337,6045,6079,294553,113219.0,15552000.0
2017-03-03,5970,6053,5870,5912,444295,110108.0,15552000.0
2017-03-06,5995,6245,5845,6221,335539,115862.0,15552000.0
2017-03-07,6245,6245,6003,6046,328112,112596.0,15552000.0
2017-03-08,6012,6045,5962,6029,152604,112285.0,15552000.0
2017-03-09,6028,6103,5945,6004,152468,111819.0,15552000.0
2017-03-10,6045,6237,5978,6204,229096,115551.0,15552000.0
2017-03-13,6270,6371,6245,6304,286821,117418.0,15552000.0
2017-03-14,6262,6304,6212,6279,138291,116951.0,15552000.0
2017-03-15,6287,6296,6129,6254,198945,116484.0,15552000.0
2017-03-16,6279,6321,6170,6263,190671,116640.0,15552000.0
2017-03-17,6304,6304,6154,6204,221425,115551.0,15552000.0
2017-03-20,6087,6396,6037,6329,331071,151543.0,19992456.0
2017-03-21,6379,6379,6254,6254,184349,149743.0,19992456.0
2017-03-22,6162,6254,6120,6254,150389,149743.0,19992456.0
2017-03-23,6254,6296,6103,6146,206468,147144.0,19992456.0
2017-03-24,6103,6296,6103,6288,151082,150543.0,19992456.0
2017-03-27,6337,6429,6195,6396,237415,153142.0,19992456.0
2017-03-28,6387,6529,6362,6471,199062,154942.0,19992456.0
2017-03-29,6471,6646,6471,6572,281920,157341.0,19992456.0
2017-03-30,6596,6604,6437,6563,171086,157141.0,19992456.0
2017-03-31,6571,6579,6513,6563,134713,157141.0,19992456.0
2017-04-03,6563,6596,6454,6530,140315,156341.0,19992456.0
2017-04-04,6504,6579,6429,6471,177766,154942.0,19992456.0
2017-04-05,6437,6546,6329,6463,164976,154742.0,19992456.0
2017-04-06,6429,6513,6371,6471,129347,154942.0,19992456.0
2017-04-07,6513,6630,6513,6563,299536,157141.0,19992456.0
2017-04-10,6563,6579,6262,6288,286256,150543.0,19992456.0
2017-04-11,6287,6371,6187,6271,132303,150143.0,19992456.0
2017-04-12,6245,6329,6204,6254,89807,149743.0,19992456.0
2017-04-13,6254,6346,6229,6346,71652,151943.0,19992456.0
2017-04-14,6304,6329,6187,6196,92673,148344.0,19992456.0
2017-04-17,6154,6371,6154,6338,135577,151743.0,19992456.0
2017-04-18,6396,6404,6312,6329,77860,151543.0,19992456.0
2017-04-19,6329,6396,6262,6279,78184,150343.0,19992456.0
2017-04-20,6270,6337,6179,6271,160435,150143.0,19992456.0
2017-04-21,6287,6304,6170,6229,74511,149144.0,19992456.0
2017-04-24,6229,6237,6078,6162,118792,147544.0,19992456.0
2017-04-25,6162,6229,6129,6213,65124,148744.0,19992456.0
2017-04-26,6204,6321,6204,6229,71031,149144.0,19992456.0
2017-04-27,6279,6321,6220,6304,71895,150943.0,19992456.0
2017-04-28,6346,6362,6245,6321,65010,151343.0,19992456.0
2017-05-02,6279,6346,6237,6296,56093,150743.0,19992456.0
2017-05-04,6270,6379,6262,6346,95125,151943.0,19992456.0
2017-05-08,6362,6412,6312,6371,100562,152542.0,19992456.0
2017-05-10,6362,6371,6270,6279,102823,150343.0,19992456.0
2017-05-11,6279,6412,6229,6329,88461,151543.0,19992456.0
2017-05-12,6362,6362,6254,6329,66419,151543.0,19992456.0
2017-05-15,6304,6337,5878,6162,168719,147544.0,19992456.0
2017-05-16,6137,6195,5936,6046,174622,144745.0,19992456.0
2017-05-17,6045,6129,6045,6054,53349,144945.0,19992456.0
2017-05-18,6045,6103,5928,6012,97616,143946.0,19992456.0
2017-05-19,6028,6112,6012,6096,90474,145945.0,19992456.0
2017-05-22,6095,6129,6012,6096,96087,145945.0,19992456.0
2017-05-23,6095,6120,6020,6062,98916,145145.0,19992456.0
2017-05-24,6062,6087,5928,5962,175320,142746.0,19992456.0
2017-05-25,5962,6003,5920,5954,160892,142546.0,19992456.0
2017-05-26,5945,6028,5911,5954,200444,142546.0,19992456.0
2017-05-29,5953,6020,5945,5962,86766,142746.0,19992456.0
2017-05-30,5962,6103,5962,6087,131258,145745.0,19992456.0
2017-05-31,6087,6154,6062,6129,85185,146745.0,19992456.0
2017-06-01,6162,6212,6129,6129,113228,146745.0,19992456.0
2017-06-02,6137,6195,6062,6196,106207,148344.0,19992456.0
2017-06-05,6204,6237,6145,6154,80686,147344.0,19992456.0
2017-06-07,6179,6179,6012,6112,64397,146345.0,19992456.0
2017-06-08,6112,6154,6003,6062,81025,145145.0,19992456.0
2017-06-09,6095,6195,5987,6187,155922,148144.0,19992456.0
2017-06-12,6195,6195,6037,6079,102005,145545.0,19992456.0
2017-06-13,6078,6120,6012,6079,92980,145545.0,19992456.0
2017-06-14,6112,6112,6012,6012,120625,143946.0,19992456.0
2017-06-15,6012,6045,5962,6046,95845,144745.0,19992456.0
2017-06-16,6003,6078,5995,6046,69797,144745.0,19992456.0
2017-06-19,6078,6095,5970,6096,106853,145945.0,19992456.0
2017-06-20,6145,6145,5970,6079,108527,145545.0,19992456.0
2017-06-21,6037,6053,5928,5962,125666,142746.0,19992456.0
2017-06-22,5962,6429,5962,6263,924849,149943.0,19992456.0
2017-06-23,6262,6571,6195,6346,858241,151943.0,19992456.0
2017-06-26,6346,6479,6254,6380,316424,152742.0,19992456.0
2017-06-27,6412,6504,6362,6446,183033,154342.0,19992456.0
2017-06-28,6488,6488,6387,6471,147434,154942.0,19992456.0
2017-06-29,6513,6513,6362,6396,168467,153142.0,19992456.0
2017-06-30,6396,6454,6279,6455,89014,154542.0,19992456.0
2017-07-03,6463,6479,6296,6321,114015,151343.0,19992456.0
2017-07-04,6304,6404,6137,6213,100313,148744.0,19992456.0
2017-07-05,6296,6479,6195,6430,264288,153942.0,19992456.0
2017-07-06,6479,6479,6337,6396,114026,153142.0,19992456.0
2017-07-07,6446,6546,6362,6547,237476,156741.0,19992456.0
2017-07-10,6563,6638,6429,6538,335679,156541.0,19992456.0
2017-07-11,6529,6638,6421,6638,183744,158940.0,19992456.0
2017-07-12,6663,6663,6471,6597,178013,157940.0,19992456.0
2017-07-13,6596,6655,6521,6647,114483,159140.0,19992456.0
2017-07-14,6630,6655,6529,6622,123990,158540.0,19992456.0
2017-07-17,6663,6680,6563,6630,189380,158740.0,19992456.0
2017-07-18,6630,6930,6613,6889,460203,164938.0,19992456.0
2017-07-19,6897,7030,6872,6964,213381,166737.0,19992456.0
2017-07-20,6930,7156,6922,7139,279748,170935.0,19992456.0
2017-07-21,7222,7222,6989,7081,160068,169536.0,19992456.0
2017-07-24,7072,7156,7005,7031,174260,168336.0,19992456.0
2017-07-25,6989,7064,6830,6847,199195,163938.0,19992456.0
2017-07-26,6855,6955,6688,6789,144374,162539.0,19992456.0
2017-07-27,6788,6880,6763,6839,83391,163738.0,19992456.0
2017-07-28,6813,6822,6471,6714,175782,160739.0,19992456.0
2017-07-31,6621,6705,6471,6622,114344,158540.0,19992456.0
2017-08-01,6571,6688,6529,6663,87637,159540.0,19992456.0
2017-08-02,6646,6730,6630,6655,63991,159340.0,19992456.0
2017-08-03,6771,6771,6396,6538,177081,156541.0,19992456.0
2017-08-04,6463,6596,6362,6438,242620,154142.0,19992456.0
2017-08-07,6454,6513,6404,6463,52168,154742.0,19992456.0
2017-08-08,6446,6529,6396,6496,78463,155541.0,19992456.0
2017-08-09,6496,6513,6346,6421,77066,153742.0,19992456.0
2017-08-10,6354,6429,6220,6405,137033,153342.0,19992456.0
2017-08-11,6337,6371,6212,6338,130614,151743.0,19992456.0
2017-08-14,6296,6471,6103,6171,114531,147744.0,19992456.0
2017-08-16,6137,6304,6037,6196,137566,148344.0,19992456.0
2017-08-17,6129,6279,6095,6263,56292,149943.0,19992456.0
2017-08-18,6162,6254,6137,6171,85352,147744.0,19992456.0
2017-08-21,6145,6387,6137,6338,49174,151743.0,19992456.0
2017-08-22,6337,6538,6321,6538,146896,156541.0,19992456.0
2017-08-23,6721,6847,6421,6455,251853,154542.0,19992456.0
2017-08-24,6437,6763,6396,6413,305164,153542.0,19992456.0
2017-08-25,6396,6529,6379,6496,57008,155541.0,19992456.0
2017-08-28,6630,6630,6371,6547,77572,156741.0,19992456.0
2017-08-29,6463,6588,6321,6555,122954,156941.0,19992456.0
2017-08-30,6571,6613,6471,6480,96061,155141.0,19992456.0
2017-08-31,6479,6671,6479,6555,199849,156941.0,19992456.0
2017-09-01,6588,6630,6513,6588,85521,157740.0,19992456.0
2017-09-04,6387,6538,6346,6455,125646,154542.0,19992456.0
2017-09-05,6471,6588,6321,6363,153574,152343.0,19992456.0
2017-09-06,6362,6496,6329,6388,72356,152942.0,19992456.0
2017-09-07,6387,6504,6387,6463,71647,154742.0,19992456.0
2017-09-08,6446,6521,6329,6413,86415,153542.0,19992456.0
2017-09-11,6412,6463,6312,6363,94883,152343.0,19992456.0
2017-09-12,6362,6496,6337,6471,101407,154942.0,19992456.0
2017-09-13,6437,6588,6437,6480,95088,155141.0,19992456.0
2017-09-14,6479,6546,6446,6530,82342,156341.0,19992456.0
2017-09-15,6479,6529,6362,6405,102560,153342.0,19992456.0
2017-09-18,6387,6429,6329,6338,99784,151743.0,19992456.0
2017-09-19,6337,6387,6220,6238,121238,149344.0,19992456.0
2017-09-20,6187,6262,6095,6104,195196,146145.0,19992456.0
2017-09-21,6112,6154,5978,6054,129087,144945.0,19992456.0
2017-09-22,6003,6045,5870,5870,100692,140547.0,19992456.0
2017-09-25,5845,5928,5728,5745,116942,137548.0,19992456.0
2017-09-26,5753,5803,5544,5803,121612,138948.0,19992456.0
2017-09-27,5845,5845,5744,5845,56501,139947.0,19992456.0
2017-09-28,5836,5928,5778,5795,63066,138748.0,19992456.0
2017-09-29,5795,5853,5761,5812,35520,139147.0,19992456.0
2017-10-10,5845,5845,5694,5770,48457,138148.0,19992456.0
2017-10-11,5728,5845,5728,5787,55511,138548.0,19992456.0
2017-10-12,5786,5845,5711,5720,75714,136948.0,19992456.0
2017-10-13,5736,5761,5602,5620,85863,134549.0,19992456.0
2017-10-16,5611,5611,5444,5519,95790,132150.0,19992456.0
2017-10-17,5486,5561,5427,5519,46938,132150.0,19992456.0
2017-10-18,5527,5527,5385,5403,85183,129351.0,19992456.0
2017-10-19,5402,5435,5218,5327,221628,127552.0,19992456.0
2017-10-20,5327,5527,5277,5428,85284,129951.0,19992456.0
2017-10-23,5461,5678,5377,5570,148129,133350.0,19992456.0
2017-10-24,5586,5703,5527,5611,180125,134349.0,19992456.0
2017-10-25,5619,5653,5602,5620,89078,134549.0,19992456.0
2017-10-26,5636,5669,5602,5603,36512,134149.0,19992456.0
2017-10-27,5661,5719,5619,5695,93909,136349.0,19992456.0
2017-10-30,5744,5811,5694,5812,119999,139147.0,19992456.0
2017-10-31,5795,5895,5694,5887,72435,140947.0,19992456.0
2017-11-01,5886,5903,5828,5895,28687,141147.0,19992456.0
2017-11-02,5861,5928,5711,5770,123639,138148.0,19992456.0
2017-11-03,5828,5853,5744,5778,108239,138348.0,19992456.0
2017-11-06,5744,5803,5678,5686,85652,136149.0,19992456.0
2017-11-07,5719,5803,5644,5745,44942,137548.0,19992456.0
2017-11-08,5761,5761,5619,5653,41871,135349.0,19992456.0
2017-11-09,5678,5703,5577,5645,66442,135149.0,19992456.0
2017-11-10,5644,5711,5594,5712,54273,136748.0,19992456.0
2017-11-13,5728,5778,5653,5778,95091,138348.0,19992456.0
2017-11-14,5786,6003,5744,5929,267884,141946.0,19992456.0
2017-11-15,5911,5962,5769,5812,107624,139147.0,19992456.0
2017-11-16,5886,5895,5761,5828,74158,139547.0,19992456.0
2017-11-17,5795,5795,5703,5720,111326,136948.0,19992456.0
2017-11-20,5719,5845,5686,5845,112411,139947.0,19992456.0
2017-11-21,5903,5903,5736,5778,106615,138348.0,19992456.0
2017-11-22,5778,5811,5703,5737,136871,137348.0,19992456.0
2017-11-23,5736,5778,5644,5670,104241,135749.0,19992456.0
2017-11-24,5678,5711,5602,5703,178513,136548.0,19992456.0
2017-11-27,5753,5753,5611,5653,112521,135349.0,19992456.0
2017-11-28,5653,5728,5619,5661,91761,135549.0,19992456.0
2017-11-29,5661,5711,5628,5653,50099,135349.0,19992456.0
2017-11-30,5628,5661,5594,5611,49792,134349.0,19992456.0
2017-12-01,5611,5653,5552,5628,42990,134749.0,19992456.0
2017-12-04,5552,5602,5452,5494,89011,131550.0,19992456.0
2017-12-05,5461,5602,5419,5570,71675,133350.0,19992456.0
2017-12-06,5569,5678,5561,5636,52457,134949.0,19992456.0
2017-12-07,5669,5669,5536,5545,57672,132750.0,19992456.0
2017-12-08,5552,5594,5527,5528,29290,132350.0,19992456.0
2017-12-11,5527,5594,5477,5595,42802,133949.0,19992456.0
2017-12-12,5577,5653,5527,5620,40657,134549.0,19992456.0
2017-12-13,5644,5678,5486,5536,123575,132550.0,19992456.0
2017-12-14,5494,5586,5452,5545,48831,132750.0,19992456.0
2017-12-15,5544,5636,5494,5636,43746,134949.0,19992456.0
2017-12-18,5602,5636,5544,5595,38648,133949.0,19992456.0
2017-12-19,5594,5619,5502,5586,44188,133750.0,19992456.0
2017-12-20,5544,5619,5519,5519,31148,132150.0,19992456.0
2017-12-21,5502,5577,5427,5453,75976,130551.0,19992456.0
2017-12-22,5452,5511,5344,5444,42033,130351.0,19992456.0
2017-12-26,5452,5511,5369,5453,33519,130551.0,19992456.0
2017-12-27,5452,5502,5402,5461,24328,130751.0,19992456.0
2017-12-28,5461,5486,5427,5461,21270,130751.0,19992456.0
2018-01-02,5469,5486,5260,5352,100777,128152.0,19992456.0
2018-01-03,5402,5427,5193,5261,110864,125952.0,19992456.0
2018-01-04,5268,5327,5202,5236,103833,125353.0,19992456.0
2018-01-05,5235,5344,5185,5194,94981,124353.0,19992456.0
2018-01-08,5202,5252,5118,5135,83640,122954.0,19992456.0
2018-01-09,5135,5268,5118,5177,48859,123953.0,19992456.0
2018-01-10,5177,5260,5118,5177,51692,123953.0,19992456.0
2018-01-11,5177,5210,5143,5185,49846,124153.0,19992456.0
2018-01-12,5218,5218,5127,5152,67692,123353.0,19992456.0
2018-01-15,5152,5202,5026,5035,91689,120555.0,19992456.0
2018-01-16,5051,5093,4985,5027,87529,120355.0,19992456.0
2018-01-17,5010,5060,4960,4977,92826,119155.0,19992456.0
2018-01-18,4968,5135,4968,5077,93745,121554.0,19992456.0
2018-01-19,5085,5118,5051,5094,39316,121954.0,19992456.0
2018-01-22,5093,5143,5068,5119,68195,122554.0,19992456.0
2018-01-23,5093,5160,5093,5144,42246,123154.0,19992456.0
2018-01-24,5118,5268,5118,5236,93736,125353.0,19992456.0
2018-01-25,5277,5277,5185,5261,88424,125952.0,19992456.0
2018-01-26,5294,5427,5285,5386,125760,128951.0,19992456.0
2018-01-29,5385,5477,5377,5419,92293,129751.0,19992456.0
2018-01-30,5427,5452,5277,5277,84508,126352.0,19992456.0
2018-01-31,5327,5352,5268,5336,56525,127752.0,19992456.0
2018-02-01,5402,5419,5319,5411,37554,129551.0,19992456.0
2018-02-02,5419,5511,5369,5436,77596,130151.0,19992456.0
2018-02-05,5327,5419,5243,5302,60393,126952.0,19992456.0
2018-02-06,5185,5235,5026,5219,101188,124953.0,19992456.0
2018-02-07,5227,5327,5185,5194,56363,124353.0,19992456.0
2018-02-08,5268,5268,5143,5211,46180,124753.0,19992456.0
2018-02-09,5135,5177,5093,5102,43990,122154.0,19992456.0
2018-02-12,5110,5177,5085,5177,37387,123953.0,19992456.0
2018-02-13,5185,5185,5093,5135,37236,122954.0,19992456.0
2018-02-14,5168,5168,5093,5169,21777,123753.0,19992456.0
2018-02-19,5168,5243,5143,5236,33886,125353.0,19992456.0
2018-02-20,5243,5260,5152,5185,31393,124153.0,19992456.0
2018-02-21,5185,5260,5143,5185,36554,124153.0,19992456.0
2018-02-22,5185,5185,5127,5127,37819,122754.0,19992456.0
2018-02-23,5127,5152,5051,5102,56593,122154.0,19992456.0
2018-02-26,5110,5160,5068,5144,34726,123154.0,19992456.0
2018-02-27,5118,5185,5118,5177,51253,123953.0,19992456.0
2018-02-28,5202,5202,5068,5119,62632,122554.0,19992456.0
2018-03-02,5118,5335,4934,5052,353233,120954.0,19992456.0
2018-03-05,5093,5093,4826,4826,148822,115556.0,19992456.0
2018-03-06,4826,4851,4667,4693,156517,112358.0,19992456.0
2018-03-07,4709,4726,4575,4601,89843,110158.0,19992456.0
2018-03-08,4600,4726,4550,4726,78131,113157.0,19992456.0
2018-03-09,4742,4801,4625,4768,86315,114157.0,19992456.0
2018-03-12,4784,4884,4784,4876,71892,116756.0,19992456.0
2018-03-13,4834,4918,4801,4893,74173,117156.0,19992456.0
2018-03-14,4934,4934,4826,4918,78392,117756.0,19992456.0
2018-03-15,4926,5018,4893,4960,123121,118755.0,19992456.0
2018-03-16,5080,5290,4980,5010,187792,100162.0,19992456.0
2018-03-19,5010,5010,4960,4985,54799,99662.0,19992456.0
2018-03-20,5040,5240,4990,5210,148244,104161.0,19992456.0
2018-03-21,5270,5420,5150,5350,145592,106960.0,19992456.0
2018-03-22,5340,5390,5260,5260,97692,105160.0,19992456.0
2018-03-23,5210,5250,5140,5150,63580,102961.0,19992456.0
2018-03-26,5150,5190,5050,5140,55913,102761.0,19992456.0
2018-03-27,5150,5220,5060,5090,59262,101762.0,19992456.0
2018-03-28,5070,5110,4995,5090,59985,101762.0,19992456.0
2018-03-29,5090,5090,4980,5000,62036,99962.0,19992456.0
2018-03-30,5000,5060,4975,5060,25310,101162.0,19992456.0
2018-04-02,5040,5170,4995,5050,43271,100962.0,19992456.0
2018-04-03,4910,5020,4910,4980,35473,99562.0,19992456.0
2018-04-04,4980,5070,4925,4925,34860,98463.0,19992456.0
2018-04-05,4925,4950,4885,4910,33141,98163.0,19992456.0
2018-04-06,4920,4955,4885,4910,26503,98163.0,19992456.0
2018-04-09,4910,4920,4845,4900,31778,97963.0,19992456.0
2018-04-10,4840,4940,4840,4935,37477,98663.0,19992456.0
2018-04-11,4910,4930,4830,4845,41575,96863.0,19992456.0
2018-04-12,4810,4880,4810,4845,23646,96863.0,19992456.0
2018-04-13,4845,4940,4845,4935,35758,98663.0,19992456.0
2018-04-16,4865,4920,4835,4900,36928,97963.0,19992456.0
2018-04-17,4930,4930,4850,4870,35452,97363.0,19992456.0
2018-04-18,4820,4890,4805,4860,84557,116437.0,23958188.0
2018-04-19,4860,4865,4815,4840,60333,115958.0,23958188.0
2018-04-20,4840,4870,4805,4830,59891,115718.0,23958188.0
2018-04-23,4825,4955,4810,4925,88867,117994.0,23958188.0
2018-04-24,4925,4940,4835,4860,52247,116437.0,23958188.0
2018-04-25,4830,4900,4760,4850,58798,116197.0,23958188.0
2018-04-26,4850,4850,4805,4815,29686,115359.0,23958188.0
2018-04-27,4830,4880,4745,4745,98818,113682.0,23958188.0
2018-04-30,4745,4745,4600,4655,127553,111525.0,23958188.0
2018-05-02,4700,4750,4625,4750,76315,113801.0,23958188.0
2018-05-03,4750,4780,4705,4735,27705,113442.0,23958188.0
2018-05-04,4790,4955,4745,4945,151972,118473.0,23958188.0
2018-05-08,4980,5100,4945,4985,125679,119432.0,23958188.0
2018-05-09,5000,5000,4860,4950,72707,118593.0,23958188.0
2018-05-10,4890,4930,4860,4910,43077,117635.0,23958188.0
2018-05-11,4910,4950,4850,4900,29834,117395.0,23958188.0
2018-05-14,4905,4950,4875,4910,45538,117635.0,23958188.0
2018-05-15,4910,5000,4910,4980,47410,119312.0,23958188.0
2018-05-16,4925,4990,4780,4795,87136,114880.0,23958188.0
2018-05-17,4775,4845,4725,4725,67943,113202.0,23958188.0
2018-05-18,4725,4785,4720,4750,19427,113801.0,23958188.0
2018-05-21,4750,4810,4730,4765,62505,114161.0,23958188.0
2018-05-23,4835,4835,4715,4730,74353,113322.0,23958188.0
2018-05-24,4730,4845,4730,4835,40394,115838.0,23958188.0
2018-05-25,4840,6040,4720,5040,2456240,120749.0,23958188.0
2018-05-28,5160,5330,4995,5210,932273,124822.0,23958188.0
2018-05-29,5210,5300,5150,5190,278797,124343.0,23958188.0
2018-05-30,5190,5190,5050,5090,181557,121947.0,23958188.0
2018-05-31,5200,5200,5060,5120,101523,122666.0,23958188.0
2018-06-01,5140,5180,5010,5020,109280,120270.0,23958188.0
2018-06-04,5080,5470,5060,5400,792814,129374.0,23958188.0
2018-06-05,5400,5470,5260,5320,209920,127458.0,23958188.0
2018-06-07,5290,5360,5250,5350,156800,128176.0,23958188.0
2018-06-08,5390,5400,5260,5270,113232,126260.0,23958188.0
2018-06-11,5250,5350,5240,5290,84209,126739.0,23958188.0
2018-06-12,5290,5290,5150,5170,99822,123864.0,23958188.0
2018-06-14,5230,5230,5110,5140,41116,123145.0,23958188.0
2018-06-15,5120,5200,5100,5170,31998,123864.0,23958188.0
2018-06-18,5170,5170,4915,5000,85840,119791.0,23958188.0
2018-06-19,4900,4995,4825,4830,115067,115718.0,23958188.0
2018-06-20,4735,4880,4735,4850,45610,116197.0,23958188.0
2018-06-21,4850,4890,4745,4750,62364,113801.0,23958188.0
2018-06-22,4750,4750,4520,4615,167045,110567.0,23958188.0
2018-06-25,4540,4590,4530,4580,40943,109729.0,23958188.0
2018-06-26,4580,4625,4450,4570,54927,109489.0,23958188.0
2018-06-27,4570,4580,4500,4515,53417,108171.0,23958188.0
2018-06-28,4475,4515,4335,4350,94196,104218.0,23958188.0
2018-06-29,4350,4440,4310,4430,47111,106135.0,23958188.0
2018-07-02,4405,4490,4325,4420,38089,105895.0,23958188.0
2018-07-03,4400,4465,4270,4270,60315,102301.0,23958188.0
2018-07-04,4270,4315,4240,4310,23195,103260.0,23958188.0
2018-07-05,4300,4335,4200,4245,31550,101703.0,23958188.0
2018-07-06,4245,4490,4205,4480,50452,107333.0,23958188.0
2018-07-09,4500,4520,4370,4445,47303,106494.0,23958188.0
2018-07-10,4460,4570,4445,4495,44528,107692.0,23958188.0
2018-07-11,4500,4540,4370,4405,34178,105536.0,23958188.0
2018-07-12,4405,4470,4365,4460,40289,106854.0,23958188.0
2018-07-13,4500,4600,4460,4600,19325,110208.0,23958188.0
2018-07-16,4615,4650,4560,4645,26124,111286.0,23958188.0
2018-07-17,4690,4690,4580,4645,13898,111286.0,23958188.0
2018-07-18,4595,4680,4525,4545,17116,108890.0,23958188.0
2018-07-19,4550,4640,4480,4550,23199,109010.0,23958188.0
2018-07-20,4550,4550,4415,4490,3520,107572.0,23958188.0
2018-07-23,4490,4515,4245,4375,42923,104817.0,23958188.0
2018-07-24,4360,4415,4285,4410,16908,105656.0,23958188.0
2018-07-25,4410,4455,4290,4320,37686,103499.0,23958188.0
2018-07-26,4325,4400,4255,4345,42621,104098.0,23958188.0
2018-07-27,4345,4510,4340,4455,18107,106734.0,23958188.0
2018-07-30,4525,4525,4400,4420,27217,105895.0,23958188.0
2018-07-31,4460,4620,4345,4600,58987,110208.0,23958188.0
2018-08-01,4640,4645,4555,4625,15425,110807.0,23958188.0
2018-08-02,4590,4620,4505,4505,16298,107932.0,23958188.0
2018-08-03,4510,4645,4510,4560,9921,109249.0,23958188.0
2018-08-06,4560,4710,4560,4705,47145,112723.0,23958188.0
2018-08-07,4740,4740,4665,4700,17062,112603.0,23958188.0
2018-08-08,4700,4745,4650,4730,29497,113322.0,23958188.0
2018-08-09,4745,5300,4670,4725,1134714,113202.0,23958188.0
2018-08-10,4740,4745,4565,4575,185675,109609.0,23958188.0
2018-08-13,4505,4505,4380,4390,107170,105176.0,23958188.0
2018-08-14,4465,4465,4360,4390,24512,105176.0,23958188.0
2018-08-16,4380,4400,4225,4390,51835,105176.0,23958188.0
2018-08-17,4390,4550,4335,4480,25794,107333.0,23958188.0
2018-08-20,4520,4520,4400,4475,14749,107213.0,23958188.0
2018-08-21,4405,4560,4405,4485,16255,107452.0,23958188.0
2018-08-22,4485,4515,4400,4430,23898,106135.0,23958188.0
2018-08-23,4455,4470,4390,4400,20821,105416.0,23958188.0
2018-08-24,4400,4445,4310,4400,26448,105416.0,23958188.0
2018-08-27,4400,4400,4300,4395,31235,105296.0,23958188.0
2018-08-28,4400,4485,4385,4400,33055,105416.0,23958188.0
2018-08-29,4400,4485,4400,4455,21903,106734.0,23958188.0
2018-08-30,4460,4540,4455,4515,23164,108171.0,23958188.0
2018-08-31,4450,4570,4450,4560,17334,109249.0,23958188.0
2018-09-03,4560,4590,4470,4520,18255,108291.0,23958188.0
2018-09-04,4500,4570,4410,4445,52246,106494.0,23958188.0
2018-09-05,4450,4490,4350,4380,22475,104937.0,23958188.0
2018-09-06,4385,4470,4315,4345,31509,104098.0,23958188.0
2018-09-07,4345,4385,4285,4345,42538,104098.0,23958188.0
2018-09-10,4345,4390,4300,4370,29587,104697.0,23958188.0
2018-09-11,4370,4500,4365,4495,52207,107692.0,23958188.0
2018-09-12,4460,4510,4300,4470,37299,107093.0,23958188.0
2018-09-13,4420,4490,4370,4450,19522,106614.0,23958188.0
2018-09-14,4445,4470,4410,4465,34981,106973.0,23958188.0
2018-09-17,4465,4465,4370,4425,19494,106015.0,23958188.0
2018-09-18,4425,4460,4380,4430,34476,106135.0,23958188.0
2018-09-19,4440,4460,4360,4360,30907,104458.0,23958188.0
2018-09-20,4375,4400,4300,4355,28839,104338.0,23958188.0
2018-09-21,4355,4475,4355,4435,29434,106255.0,23958188.0
2018-09-27,4460,4460,4360,4440,13405,106374.0,23958188.0
2018-09-28,4440,4460,4195,4345,64230,104098.0,23958188.0
2018-10-01,4325,4390,4250,4305,19566,103140.0,23958188.0
2018-10-02,4270,4340,4225,4285,32308,102661.0,23958188.0
2018-10-04,4260,4290,4160,4200,38116,100624.0,23958188.0
2018-10-05,4180,4240,4130,4180,18347,100145.0,23958188.0
2018-10-08,4180,4180,4070,4070,31324,97510.0,23958188.0
2018-10-10,3985,4070,3850,3895,85183,93317.0,23958188.0
2018-10-11,3550,3800,3460,3590,214043,86010.0,23958188.0
2018-10-12,3275,3585,3275,3570,461072,85531.0,23958188.0
2018-10-15,3575,3630,3485,3570,50951,85531.0,23958188.0
2018-10-16,3570,3585,3500,3570,40679,85531.0,23958188.0
2018-10-17,3575,3650,3575,3650,24797,87447.0,23958188.0
2018-10-18,3620,3690,3605,3650,13552,87447.0,23958188.0
2018-10-19,3625,3635,3500,3595,18722,86130.0,23958188.0
2018-10-22,3595,3635,3555,3620,17662,86729.0,23958188.0
2018-10-23,3570,3645,3515,3530,19750,84572.0,23958188.0
2018-10-24,3530,3565,3420,3470,34668,83135.0,23958188.0
2018-10-25,3375,3380,3275,3285,57205,78703.0,23958188.0
2018-10-26,3285,3355,3150,3200,48177,76666.0,23958188.0
2018-10-29,3100,3195,2885,2885,161804,69119.0,23958188.0
2018-10-30,2740,2975,2615,2945,182490,70557.0,23958188.0
2018-10-31,2900,3030,2900,3000,77073,71875.0,23958188.0
2018-11-01,3055,3130,3035,3060,59935,73312.0,23958188.0
2018-11-02,3120,3240,3100,3195,29335,76546.0,23958188.0
2018-11-05,3130,3250,3100,3250,45488,77864.0,23958188.0
2018-11-06,3250,3275,3215,3265,38016,78223.0,23958188.0
2018-11-07,3265,3420,3265,3420,39955,81937.0,23958188.0
2018-11-08,3440,3780,3440,3605,123228,86369.0,23958188.0
2018-11-09,3605,3605,3510,3535,23557,84692.0,23958188.0
2018-11-12,3500,3695,3490,3650,43407,87447.0,23958188.0
2018-11-13,3585,3595,3380,3540,34965,84812.0,23958188.0
2018-11-14,3540,3615,3470,3570,20977,85531.0,23958188.0
2018-11-15,3560,3700,3480,3690,23075,88406.0,23958188.0
2018-11-16,3680,3780,3635,3765,32967,90203.0,23958188.0
2018-11-19,3660,3765,3650,3720,22450,89124.0,23958188.0
2018-11-20,3720,3720,3610,3650,29424,87447.0,23958188.0
2018-11-21,3550,3750,3545,3700,46847,88645.0,23958188.0
2018-11-22,3700,3775,3690,3690,25310,88406.0,23958188.0
2018-11-23,3675,3715,3615,3695,18673,88526.0,23958188.0
2018-11-26,3720,3735,3665,3700,16185,88645.0,23958188.0
2018-11-27,3685,3745,3645,3690,21914,88406.0,23958188.0
2018-11-28,3690,3750,3670,3705,19312,88765.0,23958188.0
2018-11-29,3705,3840,3705,3830,44902,91760.0,23958188.0
2018-11-30,3900,3900,3735,3865,29853,92598.0,23958188.0
2018-12-03,3845,3940,3845,3875,38817,92838.0,23958188.0
2018-12-04,3820,3920,3820,3840,13249,91999.0,23958188.0
2018-12-05,3790,3835,3705,3750,16947,89843.0,23958188.0
2018-12-06,3750,3795,3600,3600,46932,86249.0,23958188.0
2018-12-07,3550,3685,3550,3610,15013,86489.0,23958188.0
2018-12-10,3750,3750,3540,3565,8025,85411.0,23958188.0
2018-12-11,3575,3610,3515,3515,7671,84213.0,23958188.0
2018-12-12,3525,3660,3510,3650,19337,87447.0,23958188.0
2018-12-13,3615,3700,3615,3700,15299,88645.0,23958188.0
2018-12-14,3655,3740,3595,3600,22455,86249.0,23958188.0
2018-12-17,3575,3595,3525,3540,27125,84812.0,23958188.0
2018-12-18,3500,3595,3495,3585,12439,85890.0,23958188.0
2018-12-19,3535,3600,3520,3575,37237,85651.0,23958188.0
2018-12-20,3560,3595,3485,3495,32049,83734.0,23958188.0
2018-12-21,3465,3575,3395,3465,22528,83015.0,23958188.0
2018-12-24,3410,3520,3410,3495,18448,83734.0,23958188.0
2018-12-26,3510,3510,3355,3445,42725,82536.0,23958188.0
2018-12-27,3445,3505,3395,3460,27542,82895.0,23958188.0
2018-12-28,3460,3530,3430,3455,18445,82776.0,23958188.0
2019-01-02,3590,3590,3455,3540,31798,84812.0,23958188.0
2019-01-03,3455,3540,3455,3530,8293,84572.0,23958188.0
2019-01-04,3570,3570,3365,3530,16525,84572.0,23958188.0
2019-01-07,3515,3560,3510,3550,15192,85052.0,23958188.0
2019-01-08,3570,3570,3520,3555,14568,85171.0,23958188.0
2019-01-09,3540,3605,3520,3600,23580,86249.0,23958188.0
2019-01-10,3610,3680,3595,3655,25266,87567.0,23958188.0
2019-01-11,3795,3795,3600,3710,24703,88885.0,23958188.0
2019-01-14,3710,3710,3560,3560,30835,85291.0,23958188.0
2019-01-15,3610,3675,3580,3650,30062,87447.0,23958188.0
2019-01-16,3665,3735,3600,3725,33991,89244.0,23958188.0
2019-01-17,3735,3805,3715,3805,38087,91161.0,23958188.0
2019-01-18,3805,3885,3770,3870,24856,92718.0,23958188.0
2019-01-21,3930,3930,3840,3915,26212,93796.0,23958188.0
2019-01-22,3910,3970,3880,3920,20412,93916.0,23958188.0
2019-01-23,3920,3970,3810,3920,29509,93916.0,23958188.0
2019-01-24,3960,4065,3960,4015,66302,96192.0,23958188.0
2019-01-25,4045,4095,3995,4095,56382,98109.0,23958188.0
2019-01-28,4100,4140,4080,4120,56038,98708.0,23958188.0
2019-01-29,4120,4130,4100,4120,23623,98708.0,23958188.0
2019-01-30,4045,4215,4040,4200,60788,100624.0,23958188.0
2019-01-31,4270,4305,4150,4280,87982,102541.0,23958188.0
2019-02-01,4295,4345,4235,4345,38479,104098.0,23958188.0
2019-02-07,4370,4370,4270,4280,19370,102541.0,23958188.0
2019-02-08,4280,4350,4225,4255,15354,101942.0,23958188.0
2019-02-11,4280,4480,4260,4440,77878,106374.0,23958188.0
2019-02-12,4520,4555,4450,4550,56096,109010.0,23958188.0
2019-02-13,4590,4645,4455,4560,58360,109249.0,23958188.0
2019-02-14,4560,4580,4400,4565,19807,109369.0,23958188.0
2019-02-15,4565,4565,4480,4500,33392,107812.0,23958188.0
2019-02-18,4500,4600,4400,4400,71471,105416.0,23958188.0
2019-02-19,4405,4520,4140,4500,68979,107812.0,23958188.0
2019-02-20,4500,4575,4430,4515,31117,108171.0,23958188.0
2019-02-21,4530,4755,4525,4750,138868,113801.0,23958188.0
2019-02-22,4775,4900,4585,4790,125584,114760.0,23958188.0
2019-02-25,4800,4830,4665,4685,48203,112244.0,23958188.0
2019-02-26,4820,5140,4705,4765,304606,114161.0,23958188.0
2019-02-27,4730,4870,4725,4780,51029,114520.0,23958188.0
2019-02-28,4865,4865,4525,4680,48476,112124.0,23958188.0
2019-03-04,4680,4780,4600,4675,39860,112005.0,23958188.0
2019-03-05,4615,4690,4470,4600,38201,110208.0,23958188.0
2019-03-06,4600,4645,4450,4515,27120,108171.0,23958188.0
2019-03-07,4460,4695,4460,4605,49331,110327.0,23958188.0
2019-03-08,4635,4725,4580,4610,47587,110447.0,23958188.0
2019-03-11,4610,4880,4435,4785,150685,114640.0,23958188.0
2019-03-12,4800,4830,4760,4780,54392,114520.0,23958188.0
2019-03-13,4900,4975,4780,4850,94611,116197.0,23958188.0
2019-03-14,4950,5060,4875,5010,117918,120031.0,23958188.0
2019-03-15,4975,5000,4880,4945,81135,118473.0,23958188.0
2019-03-18,4940,5020,4850,4940,64613,118353.0,23958188.0
2019-03-19,4940,5010,4910,5000,72485,119791.0,23958188.0
2019-03-20,5000,5030,4855,4985,48411,119432.0,23958188.0
2019-03-21,4935,5100,4935,4975,59771,119192.0,23958188.0
2019-03-22,5020,5500,4985,5330,648804,127697.0,23958188.0
2019-03-25,5300,5800,5280,5590,462517,133926.0,23958188.0
2019-03-26,5590,5970,5590,5740,448508,137520.0,23958188.0
2019-03-27,5780,5930,5740,5880,366804,140874.0,23958188.0
2019-03-28,5890,6150,5770,6070,721325,145426.0,23958188.0
2019-03-29,6070,6150,5880,5900,204425,141353.0,23958188.0
2019-04-01,5900,6180,5900,6000,227300,143749.0,23958188.0
2019-04-02,6140,6200,5960,6200,239387,148541.0,23958188.0
2019-04-03,6200,6280,6050,6120,126942,146624.0,23958188.0
2019-04-04,6170,6480,6120,6210,402030,148780.0,23958188.0
2019-04-05,6260,6500,6050,6420,379160,153812.0,23958188.0
2019-04-08,6390,6550,6300,6340,175020,151895.0,23958188.0
2019-04-09,6340,6340,5780,6000,773033,143749.0,23958188.0
2019-04-10,5980,6120,5720,6050,451470,144947.0,23958188.0
2019-04-11,6030,6190,5900,6000,258002,143749.0,23958188.0
2019-04-12,6000,6130,5940,6000,188053,143749.0,23958188.0
2019-04-15,6110,6180,6000,6100,229109,146145.0,23958188.0
2019-04-16,6120,6160,5840,6030,187871,144468.0,23958188.0
2019-04-17,6050,6050,5840,5930,138355,142072.0,23958188.0
2019-04-18,5940,6040,5850,5930,102654,142072.0,23958188.0
2019-04-19,6000,6010,5860,5900,91324,141353.0,23958188.0
2019-04-22,5860,5890,5720,5740,138448,137520.0,23958188.0
2019-04-23,5790,5870,5600,5790,130062,138718.0,23958188.0
2019-04-24,5760,5950,5690,5780,101674,138478.0,23958188.0
2019-04-25,5770,5780,5560,5600,118159,134166.0,23958188.0
2019-04-26,5550,5660,5440,5600,74831,134166.0,23958188.0
2019-04-29,5600,5800,5570,5720,60491,137041.0,23958188.0
2019-04-30,5720,5750,5610,5750,70222,137760.0,23958188.0
2019-05-02,5670,5750,5650,5700,78289,136562.0,23958188.0
2019-05-03,5700,5790,5400,5530,247824,132489.0,23958188.0
2019-05-07,5350,5550,5310,5440,93787,130333.0,23958188.0
2019-05-08,5380,5500,5330,5500,50988,131770.0,23958188.0
2019-05-09,5500,5530,5210,5330,112823,127697.0,23958188.0
2019-05-10,5340,5450,5100,5280,74312,126499.0,23958188.0
2019-05-13,5280,5340,5040,5090,70901,121947.0,23958188.0
2019-05-14,4990,5230,4935,5200,106722,124583.0,23958188.0
2019-05-15,5390,5740,5230,5510,332201,132010.0,23958188.0
2019-05-16,5560,5630,5340,5500,134905,131770.0,23958188.0
2019-05-17,5560,5720,5460,5580,174853,133687.0,23958188.0
2019-05-20,5580,5710,5370,5390,132757,129135.0,23958188.0
2019-05-21,5450,5650,5300,5520,256697,132249.0,23958188.0
2019-05-22,5600,5630,5260,5370,165744,128655.0,23958188.0
2019-05-23,5370,5730,5270,5560,400326,133208.0,23958188.0
2019-05-24,5500,5930,5500,5780,501169,138478.0,23958188.0
2019-05-27,5860,6070,5760,5970,486377,143030.0,23958188.0
2019-05-28,6070,6080,5660,5830,309262,139676.0,23958188.0
2019-05-29,5830,5830,5570,5570,179498,133447.0,23958188.0
2019-05-30,5570,5700,5430,5510,155542,132010.0,23958188.0
2019-05-31,5510,5650,5480,5550,67489,132968.0,23958188.0
2019-06-03,5440,5680,5420,5620,119008,134645.0,23958188.0
2019-06-04,5570,6470,5570,6390,2540701,153093.0,23958188.0
2019-06-05,6390,6580,6260,6570,1197940,157405.0,23958188.0
2019-06-07,6500,6980,6370,6870,1663397,164593.0,23958188.0
2019-06-10,6960,7220,6800,7070,1105423,169384.0,23958188.0
2019-06-11,7120,7220,6910,7130,544875,170822.0,23958188.0
2019-06-12,7130,7470,6980,7280,1041311,174416.0,23958188.0
2019-06-13,7180,7390,7010,7210,781092,172739.0,23958188.0
2019-06-14,7200,7220,6900,7140,506063,171061.0,23958188.0
2019-06-17,7180,7490,7000,7490,886205,179447.0,23958188.0
2019-06-18,7590,7590,7180,7470,727495,178968.0,23958188.0
2019-06-19,7500,7800,7220,7650,992232,183280.0,23958188.0
2019-06-20,7580,7930,7440,7510,901489,179926.0,23958188.0
2019-06-21,7510,7650,7360,7460,459805,178728.0,23958188.0
2019-06-24,7470,7480,6980,7180,769363,172020.0,23958188.0
2019-06-25,7200,7250,7000,7030,330390,168426.0,23958188.0
2019-06-26,7000,7290,7000,7160,519258,171541.0,23958188.0
2019-06-27,7100,7300,7010,7180,387358,172020.0,23958188.0
2019-06-28,7140,7370,7140,7200,363244,172499.0,23958188.0
2019-07-01,7050,7050,6470,6530,789510,156447.0,23958188.0
2019-07-02,6590,6590,6300,6420,350517,153812.0,23958188.0
2019-07-03,6420,6470,6150,6400,374700,153332.0,23958188.0
2019-07-04,6400,6470,6200,6370,168252,152614.0,23958188.0
2019-07-05,6310,6360,6120,6270,156729,150218.0,23958188.0
2019-07-08,6220,6240,5780,5920,429044,141832.0,23958188.0
2019-07-09,5920,6010,5770,5950,161566,142551.0,23958188.0
2019-07-10,5950,5960,5810,5870,101582,140635.0,23958188.0
2019-07-11,5880,5950,5560,5740,536606,137520.0,23958188.0
2019-07-12,5750,5820,5600,5690,276399,136322.0,23958188.0
2019-07-15,5730,5730,5420,5500,307629,131770.0,23958188.0
2019-07-16,5500,5660,5410,5610,199820,134405.0,23958188.0
2019-07-17,5610,5610,5260,5320,350169,127458.0,23958188.0
2019-07-18,5330,5420,5240,5350,155800,128176.0,23958188.0
2019-07-19,5300,5520,5300,5360,119765,128416.0,23958188.0
2019-07-22,5360,5460,5300,5460,64611,130812.0,23958188.0
2019-07-23,5440,5500,5250,5280,96841,126499.0,23958188.0
2019-07-24,5340,5360,5180,5260,105924,126020.0,23958188.0
2019-07-25,5340,5350,5000,5190,244896,124343.0,23958188.0
2019-07-26,5190,5220,5020,5120,115387,122666.0,23958188.0
2019-07-29,5080,5110,4845,4855,178957,116317.0,23958188.0
2019-07-30,4820,5200,4820,5150,241749,123385.0,23958188.0
2019-07-31,5110,5410,4920,5410,303807,129614.0,23958188.0
2019-08-01,5450,5470,5230,5370,364803,128655.0,23958188.0
2019-08-02,5340,5630,5110,5500,283472,131770.0,23958188.0
2019-08-05,5550,5550,5000,5000,257049,119791.0,23958188.0
2019-08-06,4830,5260,4700,4965,401968,118952.0,23958188.0
2019-08-07,5020,5280,4970,5270,221692,126260.0,23958188.0
2019-08-08,5360,5380,5220,5380,237299,128895.0,23958188.0
2019-08-09,5490,5490,5150,5170,265172,123864.0,23958188.0
2019-08-12,5220,5300,5100,5240,110908,125541.0,23958188.0
2019-08-13,5200,5360,5150,5350,150885,128176.0,23958188.0
2019-08-14,5440,5570,5190,5270,488200,126260.0,23958188.0
2019-08-16,5170,5240,4915,5040,405009,120749.0,23958188.0
2019-08-19,5090,5090,4800,4845,337636,116077.0,23958188.0
2019-08-20,4875,4965,4795,4950,169701,118593.0,23958188.0
2019-08-21,4955,5060,4905,4990,266805,119551.0,23958188.0
2019-08-22,5050,5050,4790,4815,316681,115359.0,23958188.0
2019-08-23,4765,4845,4705,4730,175595,113322.0,23958188.0
2019-08-26,4650,4650,4295,4325,489458,103619.0,23958188.0
2019-08-27,4385,4545,4370,4420,269012,105895.0,23958188.0
2019-08-28,4455,4480,4385,4420,155196,105895.0,23958188.0
2019-08-29,4420,4470,4290,4445,201666,106494.0,23958188.0
2019-08-30,4505,4720,4490,4685,217491,112244.0,23958188.0
2019-09-02,4685,4855,4610,4675,256590,112005.0,23958188.0
2019-09-03,4700,4725,4580,4645,177167,111286.0,23958188.0
2019-09-04,4640,4830,4630,4830,162306,115718.0,23958188.0
2019-09-05,4830,4885,4760,4810,135360,115239.0,23958188.0
2019-09-06,4865,4970,4755,4755,245790,113921.0,23958188.0
2019-09-09,4820,4820,4595,4625,242070,110807.0,23958188.0
2019-09-10,4615,4755,4615,4690,86857,112364.0,23958188.0
2019-09-11,4805,4910,4635,4650,499399,111406.0,23958188.0
2019-09-16,4685,4710,4610,4700,132104,112603.0,23958188.0
2019-09-17,4700,4700,4570,4610,194861,110447.0,23958188.0
2019-09-18,4610,4655,4550,4555,168436,109130.0,23958188.0
2019-09-19,4560,4625,4555,4605,142947,110327.0,23958188.0
2019-09-20,4620,4790,4570,4775,266151,114400.0,23958188.0
2019-09-23,4775,4800,4665,4700,208348,112603.0,23958188.0
2019-09-24,4725,4785,4675,4675,106529,112005.0,23958188.0
2019-09-25,4690,4690,4450,4490,287655,107572.0,23958188.0
2019-09-26,4495,4540,4400,4440,179250,106374.0,23958188.0
2019-09-27,4430,4440,4280,4305,238836,103140.0,23958188.0
2019-09-30,4300,4300,4125,4220,229515,101104.0,23958188.0
2019-10-01,4175,4355,4170,4300,208962,103020.0,23958188.0
2019-10-02,4245,4270,4145,4155,181150,99546.0,23958188.0
2019-10-04,4135,4200,4130,4150,83865,99426.0,23958188.0
2019-10-07,4155,4185,4040,4080,127198,97749.0,23958188.0
